id,x,y
64,1.6091262,10.17128
63,1.5573187,10.174425
65,-14.216287,6.000711
66,-3.0751662,-34.854
70,-39.39386,4.622379
67,-35.590446,-10.091313
68,-35.589603,-10.09839
71,-36.45361,5.1416287
92,14.803367,49.008545
72,-42.142197,5.2452755
93,14.790037,49.201946
96,14.781739,49.184895
924247594312409088,15.865337,-23.757668
75,-24.425413,-0.55827165
74,-24.423994,-0.56139433
78,-22.698421,-11.246445
924247804354764800,15.553687,-23.303501
1241732829604618240,14.013371,-41.062046
82,-21.212399,-5.5735974
924249150001766400,15.5124655,-23.304585
98,-20.968414,-24.137753
97,-20.955275,-24.124617
1558433137813139456,-21.330696,-22.512274
1590044783081549824,-17.723509,-4.3726482
99,-20.973234,-24.144547
1522415485348610048,10.985283,-24.968218
1321851086127194112,-21.562763,-7.950231
1589881871276736512,-27.043634,-2.1270928
1558705455017799680,-21.305344,-22.555216
1402403474704715776,12.906974,-23.614971
80,-22.44598,-11.802551
1345792227007266816,-24.167753,-3.5335612
1402168890196119552,-26.77653,-2.0121653
1534241837807140864,-26.796246,-2.0279903
1402179204426739712,-26.781591,-2.0329945
1534223514734268416,-25.199566,-9.7384615
1558383746486161408,-20.989191,-22.969883
1558425541857304576,-20.702763,-23.404383
1558712413665931264,-20.698105,-23.399143
1345121249499545600,-23.391386,-11.649591
1558017881764847616,-20.701319,-23.400799
1558339960175378432,-20.672508,-23.40468
1386604157436166144,-38.417953,2.0146608
1557998820418969600,-20.710234,-23.385155
1558430072456404992,-20.708755,-23.399961
1558021749747789824,-20.711042,-23.409416
1558422664678006784,-20.701025,-23.380095
1565163448201973760,16.711166,-20.254766
1319979732403343360,19.450869,30.470455
1197711035060359168,4.5447073,-14.106738
73,-27.404604,-7.9596567
1195786972817682432,-23.96918,-2.4885776
1372421146486362112,-21.637009,-7.1153054
1345920275132534784,-37.427353,-4.628876
6235,-38.673885,1.9540439
6890,-26.066557,-1.5714444
1558006924195971072,-20.63176,-23.392435
1386515816598470656,-27.641146,-7.91491
1497810713643716608,-25.104671,-9.76555
1081671753865568256,-20.89174,-4.323381
1553723853589643264,-26.364622,-2.1627014
1567434348205117440,-37.68042,1.9918392
1197681015453552640,4.4276786,-15.441137
1367296192052203520,11.853669,-23.570307
1059614886211121152,-24.56958,-9.811184
1406199823019196416,-15.585007,-40.409653
1406246698619158528,-15.5861635,-40.409985
1334165133890211840,3.463855,-22.729763
1564810498132746240,16.037367,-27.170248
84,-21.461,-6.3186097
83,-20.809277,-4.5551887
924247696443711488,16.515297,-26.549404
1386587826843254784,-36.822865,-6.085695
1216629832849760256,16.47359,-26.543638
3067,3.2506607,-20.66692
1,3.2809622,-21.254013
1584738835451748352,-35.43519,-7.9267664
79,-24.192644,-9.683197
1402418101366841344,-38.99504,4.173088
1216540854012297216,16.478642,-26.542957
1216666474759274496,15.884364,-22.83611
1427272855872335872,15.873799,-22.868631
1216665490469363712,16.478872,-26.52484
1216664886959357952,16.470377,-26.552948
1216668641792573440,15.885568,-22.844988
1216632257635622912,15.882982,-22.854782
1499983876420444160,15.16229,50.457996
1216631208795381760,15.904387,-22.882887
1501111048589713408,14.986646,50.308826
1133297429944758272,14.932535,50.600353
1302445283271593984,-42.32885,3.941235
1564807941746393088,16.470222,-26.563553
1499977995635527680,14.874264,50.2399
1500433976714727424,14.691564,50.241985
1383959948475842560,-39.006775,4.169781
1216974039493844992,15.87231,-22.86281
1468472243059359744,-38.992603,4.189126
1216632625392205824,15.891652,-22.891397
2660,15.047656,50.42482
2654,14.85962,50.320274
1501126896456998912,14.699115,50.291306
1216667377889394688,15.903744,-22.839485
1216632093608976384,15.903298,-22.88327
1500393114295209984,15.235163,50.299393
1443116286297808896,-35.577465,-7.853227
1216630954754777088,15.89908,-22.817009
1216631543484063744,15.919189,-22.859194
1566648050913452032,-42.24232,3.7736137
1500401659107479552,15.304518,50.2922
1500427747506393088,15.258755,50.14287
1302798728721682432,-38.989185,4.1734858
1500491177839955968,14.943165,50.231636
1501095452689436672,14.981718,50.389923
1500432216169816064,14.770963,50.336185
1500487507081564160,15.148472,50.237103
2656,15.038252,50.228825
1037116035797680128,14.751986,50.564957
1501103461268328448,14.75795,50.40765
1501100832559599616,15.303067,50.256363
1500501028515221504,15.093048,50.69431
2694,15.0787735,50.197735
1349389276982280192,-3.2364612,-14.674167
1121287178188701696,-3.2367568,-14.646433
924248759662026752,16.565296,-26.485037
1456079670768058368,-24.472239,-9.838702
1620067749009649664,-22.673061,-11.754027
1506238682666123264,-42.53045,3.8346467
1302443349827473408,-41.917805,4.172298
1035033711925510144,-41.633514,4.40771
1532723090776625152,-20.890568,-4.5040593
1533732347257012224,-34.430977,-8.71999
992235509285679104,-41.672855,3.6407664
1072040862183387136,-34.569298,-8.654743
1190972969213767680,-41.569637,4.06413
1302795125881655296,-37.30499,-4.8604107
1323246198426132480,-22.665476,-11.767783
1108,-21.481348,-6.2059045
10718,-27.479147,-7.9512224
1299989027504082944,-22.710207,-11.756236
1346079802817249280,-36.332478,-7.685304
1070329636412383232,-22.707996,-11.77171
1401832058938638336,-34.24158,-8.528007
1654672277193261056,-41.79378,3.6527703
1068,-36.519863,-7.8127646
1587372315707469824,-35.350025,3.4088085
6331,-35.546852,4.600086
6234,-35.67356,4.4909325
1463082369901461504,-41.677776,3.8983154
1561970826424500224,-35.44278,4.419204
1081639289864527872,-34.16799,-8.7678795
1443162524997165056,-36.200974,-7.5782566
992367925497344000,-35.671688,4.2054324
1127779112227020800,-22.684114,-11.747425
992243053097938944,-41.289665,3.919678
1056469454287044608,-41.691315,3.9848516
6893,-24.86859,-1.4829764
1072037908604841984,-34.757183,-7.315925
1030729552203780096,-35.420357,3.4940534
1228198740900335616,-35.36402,3.4315464
1024436205676441600,-20.895279,-4.513354
1209036309300461568,-35.714054,4.3958206
1401914922191282176,-35.615368,4.546116
1591251585039200256,-27.456623,-7.9651136
1081809019795603456,-41.692005,4.1653543
1402071953144958976,-35.567318,4.4413915
1066744941456056320,-35.71731,4.4848924
1191659229230182400,-24.88436,-1.4711413
1443154393957195776,-36.38194,-8.134271
1470288853192474624,-34.8517,-8.36447
1323248398619598848,-34.034435,-8.055714
951345251065483264,-34.8652,-8.333133
1037896894449807360,-37.31815,-4.828621
1206726167699447808,-36.439075,-7.470813
1121952808504082432,-42.591537,4.033591
1372527356082507776,-34.16256,-7.719597
1578962560099262464,-42.722694,3.9117131
1617067232859869184,-22.670715,-11.76323
1404268595467223040,-34.112442,-8.439525
1341991417279160320,-21.481892,-6.2081327
1369146387845144576,-34.70135,-7.888614
1127827668459692032,-34.361504,-7.5437503
1080457179975778304,-34.420776,-7.7800784
1585553923681841152,-36.392273,-7.611576
1199735773878194176,-22.71313,-11.768116
1110,-20.893064,-4.567177
1323271056006529024,-35.664036,4.2900696
1310474511226363904,-36.293606,-7.9404025
1402064890659303424,-35.24022,4.5930896
1081637413299363840,-34.349743,-7.5933867
1176533770942517248,-36.303898,-8.23087
1160384084522033152,-34.440067,-7.8549576
1060537967223283712,-21.492962,-6.1756725
1188441075242528768,-35.422756,4.7601333
6233,-41.83436,4.5446715
1567121998805671936,-42.63467,3.9416423
1072038611217870848,-34.828667,-8.750316
1060499286844284928,-35.03551,4.342243
1302432484180971520,-41.85593,4.3029003
1072039223800164352,-33.948765,-7.8839955
6296,-22.732792,-11.762659
1590018567452618752,-27.483263,-7.960901
1627940359110217728,-24.838108,-1.4612565
992226196848656384,-41.71213,3.9259977
1263810662263775232,-34.15737,-8.323526
1180415734578958336,-34.595295,-7.83638
1081811263995715584,-41.710712,4.148061
1048112043180859392,-35.45204,3.5375245
1196312600058957824,-34.517857,-7.4914827
957556612184141824,-35.512012,3.5423121
1401819818322972672,-34.87793,-8.02265
1066993917677715456,-24.89028,-1.4861196
1059478814265212928,-35.351917,4.36842
991927882957733888,-35.19589,4.5103784
1302792030967648256,-34.56786,-8.136897
1301807038905012224,-24.853432,-1.4743681
1401825685374943232,-34.833355,-7.4238515
991936356810780672,-41.598457,4.165211
1401923371251978240,-35.833954,4.4570656
1248413807400599552,-41.649437,3.8724048
1501680651345895424,-34.811996,-8.019481
992241932434436096,-35.16377,4.4636383
1302796774704500736,-41.643623,3.800568
1107897397390303232,-36.18359,-7.9727693
989404559010701312,-24.873669,-1.47235
4720,-41.80761,4.1654606
1401835896349315072,-34.770855,-8.353064
1617817441063759872,-35.40162,3.398882
1302896556647206912,-35.26362,4.300904
1081952132535099392,-35.274532,4.663854
951331732907577344,-35.419308,3.457482
486,-36.56525,-7.9545703
1302819598471090176,-24.844128,-1.4810292
1327435207198527488,-36.208733,-7.8148756
992369505520988160,-34.828205,-7.7505965
1065,-41.529667,4.042791
6314,-6.695428,-26.400785
69,-37.328655,-4.8200207
1485962776210837504,-4.494255,-25.713118
1045113386030510080,-10.016823,-25.877832
1324225848618991616,-9.324802,-26.7755
6212,-8.471382,-23.881348
1225423541779976192,-5.433981,-23.925753
1209675803242471424,-6.697431,-26.631203
1548487703938191360,-6.870527,-27.056189
1454596891672940544,-5.0532885,-25.233814
1045134383324504064,-6.669006,-25.5147
1548483869123792896,-8.141111,-22.888464
1309698451568189440,-8.174484,-26.759409
1548486612806787072,-5.268598,-25.79915
1577195222018433024,-5.9600406,-25.806435
957549659718406144,-9.813881,-25.63812
1591794010656731136,-8.47478,-28.104244
5,-11.190987,-25.433258
1577185284332326912,-5.5590405,-23.447918
929599253789392896,-6.8985443,-27.834595
6187,-7.4992404,-25.931938
6229,-7.084602,-25.592075
1577197079017156608,-9.517091,-27.095612
6179,-7.704888,-26.200169
1326430373448151040,-7.41306,-25.404634
1314908203780988928,-9.808861,-23.52064
5848,-9.570344,-23.11991
1121976038551928832,-11.069545,-24.259527
1107921846374195200,-8.689664,-25.505611
1107903868073107456,-6.9569426,-24.959799
1059385952739553280,-7.0868225,-27.305014
3,3.2466416,-20.554663
1477661736286928896,-7.328242,-23.37124
1341588492623028224,-8.162609,-26.692587
1309700581871968256,-7.736276,-24.391527
1042407702481235968,-9.152822,-22.253052
1591785931999408128,-11.055521,-25.435362
1550798194672234496,-8.100501,-23.824099
6175,-8.467735,-25.44265
6183,-7.344041,-25.273685
6136,-6.7601814,-24.503807
1173961108571303936,-7.827364,-23.689693
1195695466677178368,-5.5941157,-23.381174
1598917794526392320,-9.442506,-27.294626
1548497144519577600,-8.676322,-28.621021
1591779372812587008,-5.9320674,-25.365086
929599722913906688,-10.064804,-28.675787
1548479406958960640,-5.912646,-27.007269
1551491112902959104,-7.290846,-23.34251
1176509413583196160,-8.037814,-25.46948
1633780442971332608,-8.642699,-21.840687
2,3.2364638,-20.581184
1117229406095290368,-6.462036,-25.334976
1548474655894650880,-10.049008,-25.282576
1548495634159104000,-5.9833045,-25.21447
929449798251425792,-9.828096,-25.6549
1597482555430141952,-7.5607944,-28.484224
1323252863078719488,-8.507626,-28.209724
932425751340953600,-7.4427786,-26.688517
1557942793258459136,-11.281421,-26.819084
1314916463124733952,-9.732886,-24.380749
1548490013447811072,-9.413364,-23.408096
1309691657319997440,-4.834236,-24.806189
1550782667685986304,-6.326761,-23.759823
6329,-8.827574,-24.59618
936950710818451456,-8.288312,-27.352573
1454029784124428288,-10.286219,-27.63739
1489551016919367680,-7.09532,-27.47517
1550788511626526720,-8.48607,-25.509407
991668010194337792,-11.534676,-25.39191
1045122737822674944,-9.518294,-26.015371
1548468978749001728,-5.9054847,-26.377983
1107919816071012352,-7.4907084,-22.56074
991674936495980544,-10.472313,-27.14456
1371278222272761856,-8.235305,-24.291668
1182936903962087424,-6.848953,-25.267733
1578312865047777280,-8.952289,-24.906061
1341591836376702976,-8.408148,-28.152622
1550779732637872128,-6.006899,-25.054281
1209664008272420864,-5.8536224,-26.798853
1058779081318100992,-6.478749,-27.688776
1550786106679721984,-10.659072,-26.235918
1314919489696751616,-9.929046,-24.89604
1548501014603882496,-9.765731,-27.201843
1327240836725501952,-6.6634474,-23.0531
1697260400746143744,-4.3854795,-24.452374
1273433976087961600,-9.152652,-24.491238
1493038624793767936,-5.605831,-24.54313
1314896212974690304,-5.86188,-28.496626
1477585245301751808,-6.996851,-24.490133
1548499536602456064,-7.1977963,-22.386833
1548493833993175040,-9.825038,-27.304829
1045131407113498624,-6.6433163,-23.882929
172,12.118797,-23.871128
173,12.120647,-23.861397
1023939851086770176,4.5670114,9.392062
1594898001611501568,2.6433597,19.268436
1349942176378642432,-9.745325,-34.00487
1386511516648341504,-4.3854737,17.088385
1193801058805510144,5.74707,26.622921
1639460214027743232,13.274678,15.42588
1120214807990104064,8.750705,5.405349
1577124450923048960,3.610002,-33.886528
3788,-7.3189254,1.5905666
1040,-0.46012583,8.985208
992232460366397440,-0.4443829,3.87739
1177157190751326208,-6.0133295,-42.17396
1242739687110877184,2.3511586,19.491589
1595736921270177792,4.533189,18.484125
1531201696343511040,-7.847863,-42.84318
1255705227937476608,5.80539,-32.94107
1425819739138056192,1.4462615,0.83700365
1176478203725189120,12.836627,17.645267
1310396092115443712,19.057814,18.62692
1060427865191391232,16.829412,19.7298
1280187226234605568,4.529429,7.567069
1411618163244494848,1.0598247,0.9677872
1057801641091432448,-2.9096003,-31.457045
1637308200750362624,-15.57012,11.652233
1271796065361911808,15.695341,-4.8129473
1334120809290838016,-3.4639223,22.170002
1060527118563713024,-10.63835,17.861252
1199647405341306880,-11.814762,-37.72377
1052348736608182272,6.351891,11.730715
1003,3.364141,15.696998
921168030775152640,10.857456,10.584329
1010002152159784960,-0.15611494,-32.37883
1241181921674141696,13.450456,9.35807
988,11.81491,11.352007
1627951109807624192,1.533672,7.6999545
1447748799295524864,-17.293354,6.475678
1081481063718125568,-2.482515,17.21851
1510909408522149888,5.657514,8.52029
6404,0.5480409,-7.809324
3594,-9.23842,-36.39095
1050569243174412288,10.465652,17.449495
1529828027876757504,13.221608,15.523956
1531196827566063616,-2.0701022,-36.898315
1485836557100257280,-6.880923,-46.022846
1637308200758751233,-13.910301,20.31027
1012,-6.485946,4.313244
1533725252835049472,6.398703,-37.920643
1058208856214368256,5.9649324,4.6013217
1302171362203123712,7.4798913,-5.0802364
1058059330665086976,9.366629,9.180197
1271748751540797440,12.858709,5.813809
1350354155157852160,-10.469334,-39.73186
1127927630124130304,3.6221948,-42.09123
1271747452279644160,7.4372444,3.0537996
478,-3.3164756,-45.042175
1369510726619947008,-2.4320993,-34.05735
1030720027253968896,20.28067,11.16909
1363686766195081216,-1.8186139,8.538765
1060180931302146048,7.4513316,24.60273
1390947478490071040,-4.8483157,-35.632305
1193801827663376384,-0.99285305,10.588755
10596,3.1552467,0.36852378
1506444920754552832,-3.0182164,-40.264812
1271747967726043136,7.9919596,3.2298458
1495008928982183936,1.4150295,8.662048
1579463834263609344,-0.051784784,1.4823297
1300371074366132224,0.5122386,18.265532
1280185470238904320,-2.5241659,-36.34709
1451954950540783616,-11.518687,-29.356071
1174669724697989120,13.833602,10.32216
1020572597527740416,15.8536005,1.803226
1340355001375604736,-2.339514,-25.919783
1004631582366400512,-17.140272,15.4193945
1506432290635661312,-11.7225485,3.6458378
1521093429185052672,0.9167881,-32.09176
1081827327840288768,13.172995,-4.5413656
1052479324409352192,-7.5830135,-35.45333
1574969820577984512,3.285816,-4.2473745
1176772041631043584,15.786877,18.571657
1387235209611722752,7.885412,8.238759
1318936938914189312,10.888279,23.839527
1329004110887383040,14.300409,-0.13651124
1081219793341317120,0.9039018,12.766468
1187912414198263808,-0.5066321,8.727695
981432476934344704,-12.703904,10.421859
1510907835922612224,1.5831524,5.129874
1080039285236301824,3.0056064,8.055393
1317643500100898816,-6.498328,27.74825
1060530307891503104,-4.92301,18.809547
1338014088636743680,-0.23657592,4.9786973
1411617267613794304,-0.7118902,7.0540814
1579463834259415041,-5.333687,25.530003
1506440811189387264,1.0964483,-47.874386
1081,5.421435,19.535864
1176481015267823616,1.1771024,17.206787
1506441727963578368,-6.673749,-29.48736
6392,18.139282,15.987177
1188865957369667584,-7.3811903,-41.94979
1510908304921296896,6.933805,-0.26477018
937941411987910656,-3.734433,-38.81195
1249508502151016448,4.9807615,-30.969389
1081952640624689152,7.348879,17.6011
1060535112936497152,-0.21722598,18.032177
1639545267047006208,-2.4371498,13.231891
1168856694479695872,-0.52485555,11.512818
972310089981628416,15.068359,16.244936
1209038114004606976,10.295843,28.68314
968012673597300736,0.41653895,10.254218
1180355305106329600,-14.381465,15.984756
479,-0.5892128,-38.54768
1427298872737394688,2.5165634,-34.724144
1058208763943874560,12.223597,3.704558
1190195641919397888,2.3980627,6.9088006
957282261752868864,3.0327413,-8.178844
1345728880048414720,-3.4865558,-43.684994
1319199872181456896,2.5336223,-43.55363
957280289552338944,-11.726327,-36.981895
1003266626865758208,9.984001,-1.1305915
1529829170786844672,-3.1657457,26.522007
929920840480698368,5.933664,-39.58731
1024469167491039232,4.614797,-46.334534
1398461080798728192,-4.905064,9.91575
1172037796567986176,11.721363,27.03806
1510914249328627712,-0.40667152,7.793708
951033521680642048,4.6854606,1.8599417
1582633554491998208,-13.395816,11.570538
1443167319631896576,3.0788536,-36.064426
925687457326956544,4.621132,-32.740974
1506436700645638144,-10.151211,-41.28267
982842784840155136,19.481182,19.700787
5008,2.4784744,11.632861
1003263684787994624,0.21301724,-37.244717
1177964976386363392,4.370015,16.270512
1024470205950377984,0.8180522,-41.321995
1058981492993323008,0.32968232,23.089312
1024095446142074880,-2.1791086,6.8886337
1585101701170212864,10.98108,17.666517
1198855814573887488,2.0655863,-33.17161
1346064837498634240,5.7551646,5.786274
1371375333827469312,-4.78625,15.473836
1599668315247869952,-3.2485719,16.74806
1127780583605641216,-3.7601833,17.732996
1059004891144683520,6.415716,9.865666
4377,11.6941595,-4.113491
1081459705466519552,-2.1302056,5.9411845
981433177555075072,13.348664,16.0317
1059375949181906944,3.4378119,15.950692
5909,-4.5541983,12.448541
1380145026048172032,-0.20610484,-34.140915
1048888566225739776,8.344618,18.109684
1531481690080788480,-6.813062,-45.853153
6007,-10.417537,-38.100266
1608086576536743936,-2.324936,13.127031
1040809429582278656,-10.458942,1.721548
1180377326812942336,-13.368149,1.039227
1072,9.191125,-2.9460993
1477258916509921280,1.7277154,29.599672
1363690004726251520,15.994513,1.9108069
1039010859574087680,-14.939393,18.165209
1081939923448823808,20.845116,13.555048
1223749813249658880,9.907501,5.618071
6856,12.7297945,22.80814
1003263400720367616,-5.751517,19.615128
1223878486707556352,3.043885,-0.030026004
1013688398295629824,12.809127,-0.72476417
6006,-2.8791137,-38.256702
1120854675946622976,20.10991,8.577342
1579463834255220736,1.8330741,13.5367365
6401,-1.8747445,17.884144
1280187988113133568,-5.6926246,3.2086759
1060179838665007104,10.37376,22.401833
1058952313815990272,10.242011,14.535104
1346041399182622720,8.398738,-41.452366
904935998372864000,15.752069,11.601587
1500517059067027456,-7.929551,4.875421
1764,7.3423743,29.796665
1178468482612482048,-8.749877,11.016792
1300373715297062912,-3.147524,-33.09838
1386585396301791232,2.222324,-41.9646
1503307243058769920,6.4865713,6.779278
1004630271520563200,21.100613,23.700197
1300366710385758208,7.6521125,20.937593
1617860959127818240,7.5274577,18.782835
968009974235521024,-7.9866657,17.196142
1227594932566511616,5.573337,3.5442615
1300414035967692800,-2.8996053,14.34592
1050572293532340224,-2.4670842,3.056123
921272767021432832,-13.637237,9.633084
1386504910398259200,-1.4677439,11.502409
1447751823564972032,12.978879,5.8120513
1188883942675226624,1.0707633,-34.40579
1127926030747934720,-6.7063355,1.3518913
1376166145410211840,-1.7787174,-35.149532
1127936181022334976,1.9583594,5.0618296
1498265820655960064,-9.265645,-36.2719
1176532440857415680,8.603009,-3.5160449
1608088732862005248,9.672987,4.6683536
1060190752948658176,16.159782,13.847588
1372640350435176448,12.90847,19.977938
1124889145062506496,-4.053428,2.7803178
1039329663859617792,-5.4688954,-39.590443
1223528922771247104,8.591504,31.805172
1003266880054919168,15.020183,26.188282
1052466740465541120,5.646576,12.529636
1443098337411391488,6.3722754,-39.64247
1013693145979322368,10.214223,9.089087
1443158254373609472,-1.5261151,-38.783302
1003266140787867648,-11.468108,13.928304
1214608294877282304,-0.53575546,8.995702
1508657798840528896,16.340134,-1.5370343
1583789736325947392,4.9936695,17.881844
1544515952300515328,-3.2013867,-41.432957
1253233463609970688,9.711721,13.109515
1060189466064887808,10.208902,12.083593
1068358187317379072,-5.795031,4.49959
1037902452582088704,11.243204,24.256771
1340369853405753344,-0.1261221,-46.49252
1177247782831362048,0.76583576,-37.460186
1386523214739374080,3.2539744,-37.461735
1058059000707579904,-1.3458443,11.358413
1039331487765286912,-8.606964,-35.037857
6933,-8.15934,8.883296
1386507735244210176,2.3459775,14.782631
1449621127265312768,2.4989967,8.43887
1574965500562305024,17.980852,-3.6463947
1639463194797969408,-1.2790562,-40.165047
951033139365634048,-6.6303663,26.164202
1529840578865889280,13.516074,12.211927
1637308200758751232,3.7644942,12.764665
3833,4.1585174,2.31699
2875,3.6231859,21.630846
1178293537173426176,16.501215,19.517666
1086,2.2985144,22.490252
1052766231592738816,-9.4015465,21.233595
1024836741059883008,13.94347,-1.3934776
1059088695028908032,10.253636,28.773924
6185,9.546247,8.291246
1627952411216269312,4.2459536,3.0866911
1627945279469219840,-5.564569,-2.8314195
1081940546193915904,19.20857,14.825889
1141341477800730624,-10.385133,-31.21467
1444652660377325568,-4.5582156,-45.856
1127936574867480576,4.3811455,17.312159
1269999410140594176,-0.16938224,13.709751
1363690468045848576,-6.2759533,-43.478645
957272793774288896,-8.291964,1.7560997
1474584496184111104,8.560787,19.086975
1003264412449415168,-4.3360806,-5.0736
1311141305544990720,9.961067,-0.44279873
1109488582035886080,0.08999975,-38.445663
1502567468514402304,-4.5131383,4.0920115
1370725388216954880,-12.3275175,-34.987858
1322833669459755008,2.37542,3.5145018
1023946296180129792,-0.054986183,-32.886417
1446743324828299264,2.6252122,-33.87413
480,0.6266135,22.128712
1529828302947581952,4.039179,-44.690403
1567731480703205376,-1.0435926,15.239966
985859387332960256,0.3591036,15.796083
6134,0.5570719,-34.02787
1309331134254538752,-7.6573133,-38.003727
1055690946350710784,5.4023304,12.908211
475,-11.701157,-41.555264
1124815294727241728,-2.790047,15.840462
1333733993232510976,-7.577503,22.877977
1003283539075424256,-3.4630058,24.16588
1590588010364788736,1.7443877,-35.789692
1452944964233883648,11.570677,21.866688
6826,-7.8345327,-40.995136
1349932618654523392,-3.2963533,-35.186848
6177,-1.7279898,19.631798
1600647121135747072,-0.9402951,7.508785
1060185842932793344,1.9237169,1.2493508
1088644693307883520,-0.39798617,-28.181288
1176901220322217984,-1.7117155,18.471876
1577506517565448192,16.37168,8.1634
1059163559643344896,5.192152,9.168598
1280188748553048064,8.002502,12.642361
1617854657106358272,-2.7962158,14.905185
1637308200762945538,7.2050433,3.0494752
1578972357892730880,-8.056013,-38.97272
937923876924084224,-5.75685,-34.040077
1475757282461523968,0.083848715,2.571429
1040811984529977344,5.743287,21.083761
1248420799175110656,-12.173362,25.320847
1101134566825472000,-1.9156876,17.747702
1141344843205402624,0.26019484,-35.623325
952120800952147968,-1.4152088,-31.763016
1127780290809667584,-10.014849,13.823045
1442513231004782592,-3.140048,-32.569607
1187478638305505280,-11.714719,-1.919283
1573130085643694080,3.181927,10.609835
1701115978840051712,4.083726,-44.850533
957281807417470976,-1.955259,14.384119
1506436267515260928,5.120095,-37.655087
1301871427595096064,5.7903304,16.286987
951032338228400128,-8.453094,15.058926
1300373354729525248,-1.184547,-36.166286
1127824656437714944,-11.193139,19.025002
1432158270321000448,23.667639,14.591787
1639457735848398848,-7.666538,3.8650293
1030721260010250240,4.0139384,-31.116434
1271745875326197760,-1.3681765,3.2712216
1309357996884221952,-0.06652842,-39.45075
1024836455884963840,-6.125067,5.4004364
1059130989077626880,3.9243674,4.630294
1072037025435414528,5.558172,3.4399846
2880,3.4892094,15.627147
1051214068357844992,1.1244537,20.944227
1506255810056175616,8.510393,15.27022
1240930810589487104,7.4788637,8.346392
1510522990864830464,15.092091,23.399496
1084,13.413396,14.210347
1033700637367320576,10.76134,19.656857
1529829580062838784,-6.523535,5.671503
1453194287290454016,20.811993,13.641283
953325016316899328,-4.9792747,7.2928257
1177058933803028480,17.708044,3.0319567
1016963523451637760,8.495901,13.905052
1502568370116796416,5.4636035,20.97962
1617861765851865088,7.337201,1.5405763
1437251048681222144,2.6953297,27.152021
1248426414320795648,-0.79958284,25.271492
1052476671667261440,-2.0082922,-43.473602
1280184811980632064,-1.1895785,-28.98169
957276515563737088,-5.206376,-34.83226
1350289357825114112,6.7081327,7.5155487
1059157212809949184,-12.535164,22.308697
1430102433632780288,3.907587,-36.562485
1214610007789084672,2.1650891,14.776962
6308,-7.728872,-33.04418
1030724445571551232,4.3138275,-35.1858
1035220560086286336,4.8361053,14.259365
1004627865961390080,0.8557423,-32.24916
1037,-9.637124,19.757465
1077762980795789312,-7.195537,-35.495834
1124822899751174144,2.8867257,18.888271
1227776950407417856,2.216518,-38.93151
1506436021998862336,-5.0760317,-38.581226
2625,7.708246,21.145521
4375,0.7138199,13.36641
1180414630139023360,-6.5072746,10.511784
1124818456750112768,-6.320759,23.134274
1378922457282224128,17.310427,10.097238
1206927786903019520,1.4001981,-41.15783
1533736783220015104,13.24434,20.416498
1271757610296729600,-7.0935974,15.641804
3597,18.324514,7.4379625
7280,16.03039,21.614855
1637308200758751236,13.030724,17.445936
1577508656454955008,21.32864,7.6835775
7269,8.210158,-34.41493
1493953429340225536,1.1195242,-39.25011
1060480350081794048,-0.9172541,-6.885652
1176800876267278336,-6.6134114,6.6647673
1506255121143054336,13.944393,7.3085604
906078807347994624,-8.808017,5.954567
1345849064343732224,2.9088197,23.05798
1411617678620114944,9.145516,11.579726
5188,13.795024,12.455574
1192469657678024704,1.9786335,4.945988
1141522736984317952,6.0415626,-45.00809
1271761343256641536,6.8723426,12.195622
1338676277949001728,0.43322247,7.4487715
1269995036756598784,3.8984478,11.013118
1477260202584190976,12.813244,30.149065
1060184587506327552,3.6344435,8.178663
1506113186821246976,2.8046095,17.95217
1594243116926885888,7.4673176,6.0325513
981433783233540096,3.9132621,5.8787475
1030718388409384960,3.111437,0.27221757
1177162853854449664,2.6228073,-44.937115
1453196384928993280,-4.6603246,19.630983
1003277861686509568,0.5859821,4.384675
1037894662950064128,2.0895548,22.539728
1617858019679883264,-3.4127367,-4.1450233
1335845689978601472,-7.8612504,-36.73243
1177184816773697536,-7.214846,-37.485485
1259384550880006144,14.040954,10.682139
1127824959421652992,-7.9256115,-1.7017359
1318871866133041152,1.9852322,-26.755068
1316395221065256960,-4.141845,0.8962051
1003447215187197952,5.321316,-34.18461
1016364807229353984,-7.1968265,7.5862336
568,-2.808996,-39.93799
1177862051492286464,6.4108157,-7.5862026
1350330230698409984,-5.127419,-43.198177
4788,-6.947033,26.321976
1280185750913339392,0.5032804,-7.798361
1309059291467603968,6.706295,17.599346
1049650867660828672,-1.6649913,-41.872242
1176300501986676736,0.17313789,-32.64105
1459551215243980800,4.2673154,-30.816172
1506440079160393728,-0.8405526,-36.080605
1506431618104180736,-6.328142,-4.6470914
991671714628792320,11.133236,3.5698676
1302169571205955584,1.695602,-46.3671
1303509903168065536,2.095407,-31.14005
1003264659586195456,2.4908764,-2.0402699
1127928993629446144,-0.53115326,-41.93927
1060479883461279744,18.266548,9.301477
5861,11.547625,10.039547
1030718181487591424,17.202654,18.627914
598,-5.9643784,11.667253
1055692931510595584,-10.041735,19.239862
1209112519938359296,4.9248385,9.257555
1533737134627209216,-3.336196,1.2053246
1072036149710876672,7.0746555,17.24853
907630823161606144,7.5760136,-34.40783
1548481145481183232,8.4994545,-32.454586
1309056955659706368,1.4365256,-32.675316
1041645211312525312,-0.6314794,5.234342
1529827356146384896,8.282787,11.139589
1414986758304727040,9.267093,9.283417
1340346632573108224,-1.5001687,-31.216396
1544513530291273728,-6.4840493,-37.131187
1014401755743334400,24.373661,11.188212
1506432079620227072,12.924684,8.198814
4803,3.6125948,-37.30356
1593502935823278080,2.377167,6.3891115
1090059945408282624,13.860138,12.126539
1188857465036513280,-2.7627654,-38.98345
3786,8.176916,8.720748
6139,7.0704584,14.0571165
1178292771108966400,-1.4526783,5.738318
1039330481203630080,-3.7008305,-33.18126
1037915457076162560,3.3591087,19.684471
1529836056407937024,10.052931,20.135645
1363685566594777088,-4.1871047,8.432136
1645701396311953408,-5.7234635,-35.45222
1040229584443854848,-2.0537288,-36.906223
1491976520243625984,-14.59581,15.985377
6131,-5.489918,-36.700462
1059118264125521920,9.622307,17.985365
1003283767165886464,-1.0239534,28.579403
1040223622655954944,-1.1247913,-46.68088
1230333884834664448,2.4134994,29.159897
1025217035977928704,-9.170118,-42.675198
1430104192786792448,3.8193948,12.309962
1576807602004303872,-4.7075663,-41.28414
1030720806287220736,-3.9721773,-40.862278
1178293685244940288,2.4511793,19.297243
1351352526980513792,-3.0713246,-36.994553
965226734617616384,3.1592178,23.325315
1180767981124997120,-2.2179163,-33.94534
6932,6.897834,-4.2460747
1009986342154174464,-3.6946352,26.05458
1271756479457837056,7.6788597,20.221094
1569182963470635008,2.4397748,2.7378392
1177053591786459136,1.8538117,15.8724375
1579463834267803648,-0.80108607,21.669453
1300371449177526272,9.309625,-2.5602982
1010,-4.2152977,8.355333
1223879130948456448,6.4048405,11.52146
1124819452406579200,-1.9210509,11.8005495
1510914078858903552,4.3205705,24.469255
3785,-0.8178533,26.320564
1437376360949927936,0.609972,-42.820526
1055012767315099648,13.493108,6.0133424
1577204053570097152,-4.7691836,-31.884632
1180414946565705728,-5.027126,11.880504
6403,-4.69441,11.649438
6254,-11.340817,13.888887
1599669246593069056,10.437427,21.150396
1271807341685301248,10.541727,10.686061
1223825034002452480,-1.3626462,-34.091263
1190354726534946816,15.531027,20.714146
1364853289500639232,7.5701942,5.976174
1590587294317404160,-8.46639,-34.062187
1088650771831652352,6.623734,-39.41132
6088,-5.2819896,12.894017
2878,6.556851,17.513266
1016481851408986112,-9.137174,9.505836
1042678505554735104,15.79174,11.767891
1568821062060470272,5.5256133,13.291761
1184411792204259328,-8.108564,-31.133026
1510913378716319744,16.145847,10.600988
1176514556085112832,-3.0057557,-41.07907
1177149604077473792,4.481222,-35.73002
1090091348309131264,3.3399563,-35.72141
1487052395153534976,9.766169,13.013448
1060531116393906176,-0.7519385,18.701609
1486247873786941440,-4.587523,-33.743164
1121288437020966912,9.643573,-35.404404
1221416776612597760,-9.499429,23.492785
1593517289373298688,-11.706903,-41.56464
1077764942291415040,0.2071518,-45.218475
1374352518515077120,4.901454,-1.7585522
1447750908879441920,15.511552,11.488252
1024469628503764992,-0.60599315,-42.501358
1227796850240802816,-10.275547,16.19972
1081475263012470784,-8.8094425,7.6499057
1060223718676537344,-9.792387,25.488579
1016363648586428416,-6.99844,21.32219
1058996020279799808,9.468143,10.791931
1037903006280552448,-3.707515,10.028965
1060529002586349568,22.686121,10.622419
1191233434506514432,2.0429504,12.963417
1227777375747592192,-0.28202552,-43.08421
1254717637105741824,-7.731198,-32.889225
1529830501056483328,12.38871,16.793674
1060534837433638912,10.432893,13.395772
1494890147900571648,-9.831734,25.451284
1081936532358234112,-7.0319753,-40.126484
907656866257842176,-3.2955604,-42.0169
1271744242957606912,0.0545038,-0.66376877
5137,-15.947496,4.776335
1271760788366999552,4.585855,-40.271336
1529836668172353536,-1.05135,-35.266148
1452020420220448768,2.1704037,-31.832075
1180477356207001600,9.5197525,11.61316
1016363207110774784,4.327711,15.307114
1565296306732199936,13.583619,13.258933
6278,-6.472359,-40.874516
1060803501932167168,9.863046,11.104129
6827,17.855255,8.11588
1060525512820539392,21.484152,1.863818
1577511473240481792,-11.52172,18.993496
1497845736300220416,9.911799,16.183529
1003263125095874560,4.7052426,-29.66751
1506438703663562752,-7.3209133,-44.274807
1180320531444682752,5.1054087,16.244785
1599647471050162176,-4.5794945,-45.895767
1363687033334497280,1.6010959,-3.5887938
1207240010565623808,14.9498205,13.343233
1177966060735582208,4.945183,21.257769
1060522989493698560,16.171875,4.702438
1083352613207605248,6.2350235,-30.819653
1107940357075066880,4.850493,11.613178
1477260725017755648,2.2750666,9.29626
951330957225586688,10.265604,6.959104
1059100995492278272,4.4102716,9.341713
1569173450185183232,16.402197,4.4089413
1506258039841767424,14.863004,14.6791
909628097881538560,2.9122846,-40.148853
1248417626322546688,9.027927,2.4548237
1003265696996950016,3.6767776,8.327092
1030718638159204352,16.256407,2.0445006
4374,10.19722,6.720708
1485932086456504320,5.1990857,-42.335026
6328,2.1409178,25.064333
1176756968837582848,-5.807317,-35.270355
1477255614999625728,0.35990918,-2.3174393
1041642164180021248,-4.5303607,13.616347
1039339026447912960,4.179086,-40.38375
1255703506024681472,8.399493,-32.5219
1494889555906867200,15.356319,19.265244
1637335707214102529,1.1684849,-34.529125
1489184898446852096,-4.098911,9.700202
1438498044507865088,-5.644148,-29.536915
1599351781413613568,1.3836737,19.131826
1206737215752044544,15.702649,19.072435
1489525206505828352,-15.845214,8.742849
1350334824233041920,-1.399883,-36.799465
1427297837759328256,5.226555,12.725445
1188876448179593216,5.8147855,-36.017414
1617847337592909824,0.56955713,5.5117016
1250656236975570944,4.8205643,5.373816
2885,7.026174,22.395247
1060186452570685440,-7.200458,2.6693318
1209113185809285120,2.8900824,20.943506
1506432549864550400,3.048899,9.705804
1037575161078124544,12.860522,5.7938843
1227791441492856832,13.254672,20.962416
1579463834263609348,4.8521075,0.44701448
1060534240714203136,-2.39414,23.680145
1586699874131804160,3.4896963,14.6689625
1328913928502759424,4.3935156,1.9469398
1023937141297954816,15.397231,8.263639
6367,-12.845362,22.125889
1427202625724657664,1.7754534,-33.62466
1068347894705078272,-3.2232387,15.818155
1035207308710248448,-4.0147977,2.8736746
3449,-1.7387997,-48.62915
1259376579508793344,-15.394068,21.552149
1090096261231624192,-3.9088707,12.405957
3787,-7.468806,11.24464
1533765411630710784,-2.3995407,-36.85648
1584815364139532288,0.7367775,-30.97147
1003274021113339904,8.414426,12.804715
2884,9.065472,24.3224
1127780086131826688,0.9633132,15.493614
1665207293866393600,-10.303127,22.975685
1608083472483352576,21.400307,10.740136
1178228521262927872,12.886636,10.068244
1506434762231267328,-15.193162,7.4791093
949538083425185792,5.586486,-7.1639767
1310394864639795200,-15.938584,13.386402
926298995926630400,12.406257,11.3358555
1040224324488843264,1.188806,-40.044773
1494894802176376832,2.0841882,19.592823
1300368504151166976,5.033151,-6.0228286
1067077575541440512,3.710865,7.672088
1597429660915585024,2.2293284,-26.869698
1180382185733771264,3.9510486,10.103214
1000,0.90625817,-5.197696
1051213534448099328,1.2580786,11.475285
1060524238066696192,-7.674633,25.706886
1403323578279960576,-2.9928815,16.732697
1060526576974209024,-13.4614,11.444526
1350343071730503680,-2.1829677,-40.097412
1207236884827676672,-2.7509475,4.5214787
1060523773350395904,0.973824,10.927519
6230,17.48405,0.23108141
1310475213755506688,8.33525,15.2562895
6231,-2.9534454,-6.328236
1574295922383630336,6.2780404,-45.04345
1037903854993768448,21.341684,18.529036
1230331567817248768,-12.429552,6.3782244
1506438360835047424,-2.8476238,-46.428764
1127922464142499840,12.094192,5.257258
1500521242469253120,-1.682847,22.079287
1500516346446389248,0.29029334,-37.185177
1584804672011386880,-1.6154045,-39.295803
6335,-3.5493572,13.158683
1340869798496124928,5.734247,17.483767
1345730302240432128,-3.316659,-30.127132
1176691044709273600,8.650617,-41.17674
4719,3.7620735,30.348543
1617858645923033088,8.160142,16.293507
951274358578569216,11.43594,0.8752565
4369,0.43610615,2.6565983
7263,-4.443411,-31.86307
951330000509030400,-10.589906,0.46753427
912908145137102848,10.427314,17.116947
1351353525340712960,5.179342,-37.903214
1193086155635462144,-6.6004725,-33.308662
1310403226743988224,6.7976556,9.5445
1398465996929863680,8.795598,17.045605
1579463834263609349,-1.2777966,-37.973698
4378,-10.237141,8.821738
5862,1.4187104,16.549042
1585088744067579904,0.8692507,-26.365416
1500519304788885504,-10.543279,10.55231
1118062312341667840,7.5395174,13.026803
1340872738535141376,20.628977,7.598248
6252,-2.5894566,-10.20253
1595668377002094592,3.9571238,-40.497223
1037916062985318400,-10.092566,15.708007
1013694874296811520,-8.002525,19.194447
1080,14.829836,13.325662
1233928285055004672,4.3890038,12.765806
1176363943921684480,5.510492,20.771093
1309139185115455488,-6.240095,9.639876
1021677810980532224,8.039217,10.849952
1060480925435469824,-0.21250305,12.892536
1182964568119070720,-3.9287314,-43.02665
1568899575866191872,0.21746676,-40.84741
6400,9.517249,11.137366
1315854087570120704,0.1828454,1.4125665
991,3.9438763,5.8987203
1476027033795493888,13.074291,8.071162
1579389548597338113,-0.20084243,9.176241
1067962972907683840,8.75514,17.288586
1127823623716184064,-7.935082,1.6826605
1289,-13.817174,3.876015
1631779753378275328,9.1835,14.248077
1335514277941112832,3.5875905,-44.188065
1577507857712680960,-9.045635,12.4825
1055692330965954560,-2.8344216,0.36741096
1124822340675616768,5.0950036,23.52043
1449536330396184576,10.463709,21.346308
1665200925881122816,4.73496,6.5311885
1059372522896916480,3.6931555,13.985012
1023936109230731264,8.845464,13.85781
1127923840729849856,2.730787,10.210102
1177071423135911936,0.020796655,7.1224823
949537131196534784,7.024492,-34.197514
1529827074209464320,-0.046720833,24.242363
1300370181126180864,5.227743,10.813646
1037912760470048768,-15.5528345,11.748911
1450100265520582656,7.422938,-34.378265
1476448125758091264,0.45479825,-40.108585
1030720709646262272,-8.097707,-40.868843
1565903391828279296,4.075913,-32.548836
951275161682931712,13.122278,19.633596
921527381004238848,-1.3884104,-33.940353
1176474450791993344,-11.783837,6.6121674
1081209300568440832,5.9239087,23.497032
1060529852830466048,16.79242,1.1991739
1494893215282429952,14.916805,23.205532
957281058495131648,-3.8020432,-31.795605
1016364285566996480,15.04405,19.693018
1599354871172820992,-5.6689177,-0.28359613
1090087920614850560,6.5618877,-31.965244
1127932903433805824,5.9300604,14.339596
1489506109626318848,5.4653625,12.637457
1506442026516951040,-5.8124094,-36.719788
1037574918823608320,0.37274674,11.381373
1280186748486586368,3.591131,11.14957
6330,1.6480286,2.3728688
1585535365241401344,10.501042,17.414076
5012,-10.9245615,-32.999283
1579389548597338112,3.6878967,24.71366
1397202610375884800,0.1783541,15.6354265
1506430770856083456,12.389647,12.598554
1386503171926360064,-3.9564211,18.257267
1255702831664476160,-5.2259245,2.297665
1227776617656504320,-1.0813878,-43.98912
1340356908349472768,-0.11268747,-40.830814
1309717605629157376,-6.8144574,-37.08683
1582048498534842368,0.5145694,-36.068657
1127828614271049728,-0.8524576,10.101128
1350249335033954304,-9.324622,17.381145
1459537654538420224,-1.8157601,21.425407
1637308200758751235,0.19346155,16.862246
10574,2.9154212,-39.70475
1485966324614582272,-4.348972,-44.039772
951037528910290944,-5.714068,30.123062
1584812874161598464,11.432367,15.3200655
3065,0.42664698,18.26263
1208263326600470528,15.054808,26.187355
1077441041703251968,3.6228971,21.415186
1188879130873217024,6.617794,-39.87591
1067076865227677696,0.005889807,7.170253
1367485807413432320,-7.7508006,-38.803913
1177970807332950016,-0.084008805,-4.640936
1600644337409716224,-8.692053,-45.569363
1141334463389327360,4.3458447,-35.06087
10598,-1.378052,-36.884907
1629321853812699136,4.981081,-35.00237
1090275740205846528,1.3192786,-41.055264
1186053499631144960,1.3651705,-37.660515
1363688565060763648,-2.3758025,16.121805
1178226639211614208,1.1986965,-46.832478
1082224339777683456,-4.204717,8.389714
4372,15.313699,16.210983
1067078281103065088,-4.4718156,21.700315
1579390544073449472,-5.7479863,19.830954
1127779522576752640,-1.7167189,17.400623
1127776738863325184,5.61349,8.047159
1626595964234575872,-6.4009156,9.660326
1674342761770119168,-5.6561184,-37.33737
1127824027552161792,5.492703,25.08635
6280,4.850465,-31.003906
1127924267831631872,2.5188117,12.708671
1037903496053620736,16.610613,15.408518
1529829372847427584,7.2607365,4.3433824
4026,1.6064514,-43.622055
1127927027121627136,0.7249928,-44.74174
1044,10.138214,1.4431688
6333,4.878556,-1.4189507
1037911231537184768,13.187689,9.37344
1013689751940444160,-10.672672,5.8113704
968766335357587456,-2.8274782,7.5278234
1568811127943655424,-9.543147,17.576385
1259388647133761536,-6.2845464,-35.164116
1521090058155814912,3.2881937,-40.7197
3582,-0.6377487,-34.590954
1009988504402087936,-7.2738886,11.810769
1127780725943541760,-2.2659824,6.933498
1081466076828205056,-4.5814,23.705679
567,-3.8355563,-38.460457
1003653373567066112,-2.0983818,5.372228
985859593373949952,2.4528215,11.653296
1033707508325138432,6.7784233,10.900281
7144,-4.6184163,-33.694416
951268977039069184,11.176825,19.618263
1300637231870464000,8.821016,10.614198
1364869280049758208,5.340312,-33.77447
1030718088990605312,-6.549772,17.068932
1049649897698664448,-1.0210592,-40.214886
1579389548597338114,-3.7312799,5.3326926
972115906696187904,-7.170431,5.841933
1223735408239726592,1.5447258,16.974794
1235945194206298112,-4.9082737,8.795853
3450,13.263744,-4.630783
3834,9.120019,22.468054
992231661817065472,-13.340185,13.910829
1127823779106758656,1.9148595,7.7176027
1081443505390944256,3.9817894,17.466684
926037287068893184,6.3774276,9.852116
1060424991300427776,6.2851906,9.900281
1040810823219466240,10.33722,-5.678763
3298,-3.7954671,28.073673
1584812171548569600,-1.8523058,-43.43102
1212175721609764864,10.5503645,3.417764
6195,3.7597876,4.6883817
1013686048785248256,14.590264,6.722768
1178284590311952384,-0.9615581,-41.151905
1208757585208352768,-4.082822,-37.93585
1141337769461374976,-4.993468,-42.039516
1459550190114242560,3.6952107,-4.6908164
1030717867954966528,5.679082,0.97862816
1365919250567757824,-2.3958354,-37.862694
1023996176290328576,4.6161046,-41.132904
6825,0.891961,-37.81564
1255798734786228224,7.5238643,10.479236
1127932409361571840,16.75154,6.520824
1529839289864011776,5.6733317,-36.894386
6,4.2626977,24.62905
1006,1.5782828,-0.32675755
1629320742632501248,-1.7134255,-45.345722
1176759070695591936,1.8745778,3.4978786
981433489414164480,-0.79282796,9.975118
968012199078940672,8.172955,16.456972
1506440535760715776,3.1839771,-32.56372
1127928325334212608,8.295152,-44.137726
3452,2.842323,-36.901337
1307595893667987456,4.274091,13.3874235
1009988245562884096,-4.662182,15.500509
1127925509530165248,-0.7357291,25.241903
1374537044063268864,-4.186481,4.4464183
1599349022576603136,-3.555499,26.095617
1349949182900543488,-8.323198,-40.65405
4830,7.249379,20.012114
1271757025350705152,9.561567,1.3621267
981432184729759744,-1.3091112,-6.4543133
1363684570384662528,-4.114682,-7.897245
1567735481498804224,10.365757,21.267857
1037911486106271744,2.0576158,6.14552
6253,6.819593,-4.000799
1223823494806130688,2.434782,-41.196705
1187481072868290560,5.1399508,12.186617
987,-13.041837,7.6800146
993,-1.7569873,-41.33434
1665206977095790592,-5.546297,12.710053
1506254475283152896,15.478708,6.0134544
937661468259315712,-4.146033,6.1414633
963417792224727040,20.155884,4.7518587
1090591322608398336,-7.19884,-0.48459187
1363685978576093184,-5.3536344,15.73802
2879,9.873821,18.473423
981434307974524928,-6.661051,8.601666
1510910483845226496,7.1755114,14.078619
965059436640460800,-8.284055,-40.9036
1447525640067747840,10.116981,14.518764
992,11.198018,21.14396
6102,1.9801141,-31.234869
597,5.1466527,23.183342
1510907552723206144,1.0168099,7.0658565
1487051793850236928,2.821738,13.648169
1350288321728741376,10.732615,24.088781
1447754095279710208,15.713883,18.982038
1652935463545757696,6.7940364,-43.433346
1127923403918254080,-0.7382436,-1.2988813
1039013107498733568,0.6841405,6.129244
5187,6.8705397,25.661652
957290296915251200,9.040764,1.0334586
1493521651005206528,9.907315,-7.9021344
1578958239806754816,-0.7608364,-43.574158
1040227080180133888,6.504384,-41.924393
1040220768411111424,-0.04521763,-29.95384
1176738271888642048,3.1129942,-35.888916
937654213237469184,-6.665212,13.854279
2881,8.157919,2.1088188
1350253653570617344,0.6857539,4.351282
1506435757522829312,-10.361848,-38.104805
1617851330876497920,8.712367,-3.4490204
1529837809794797568,-1.6288077,-41.567574
1372635864916455424,9.282851,7.1080904
1253201990223851520,4.487717,-28.867298
1024469351499345920,-0.47045633,-41.725807
1459540949244641280,6.458935,11.680676
1627952973718564864,-7.614066,7.5496984
1081453980350619648,0.11718102,23.04789
1177099681491554304,4.335004,15.124131
6315,-6.774774,16.289421
1585537556844929024,8.246101,-8.592989
912907879725740032,7.047239,6.3610477
1340876953165053952,9.635008,4.8674874
1060537426472615936,13.417165,-0.718464
1398463363473383424,-7.609048,11.998834
477,-3.0551765,-35.466854
1386579100790915072,0.78282547,19.3068
1637335707214102528,2.285002,-30.970083
6398,9.206711,9.294044
1025272952400424960,-8.750429,21.741266
989,12.915904,30.036135
1427303865511047168,-17.82964,10.620617
1340363836769255424,9.615362,-35.503033
1176533182636855296,-8.766083,-41.700832
6129,-2.4837031,23.633018
991667420013817856,2.0127192,-5.334786
1197482407584231424,-1.2903433,-47.74936
1637288901662945280,-5.8236837,3.1254177
1502571153055277056,3.770023,20.175718
1255797599237132288,14.974691,7.580576
1127827156855267328,3.1678185,-6.3300495
1056795481668354048,-5.978043,7.7225227
1319212533883457536,1.1309487,10.361139
991666984582152192,-3.1645603,-3.9041293
482,4.760688,5.4311285
1259374833269018624,0.81484956,3.318043
1561918336450572288,-5.332142,-2.9110224
991674115364519936,-1.9884056,20.701523
1443105597609009152,2.7687109,2.1998973
1506433685669490688,-2.340744,5.2225523
1259377348375040000,10.935752,-0.65298337
1014401255329320960,-3.630312,6.632347
1082223860649762816,14.771857,4.018235
1533766243151482880,3.6469305,6.379252
1627944783639572480,-3.3045077,19.464254
1013690668622053376,17.558378,20.655985
1310401128216256512,22.535194,14.242396
3835,14.172308,4.812146
3420,-0.6748612,-4.272437
1569176859852345344,1.9075278,4.997461
1077,-1.3615407,9.039585
6855,-5.6828012,12.398072
981431653911236608,-1.154228,16.108889
1033701188591140864,-2.3123126,18.628845
1642755917625843712,1.3519156,-36.802326
1127827412837834752,13.680293,17.505863
1617855466045005824,-2.7751386,19.398706
1004631247098904576,21.023815,22.614412
1779,4.9137683,1.8699803
1003268913180876800,3.8496747,3.7015169
1144036688863649792,5.9934597,-33.99588
1373278707116888064,12.521616,6.2089257
1248428068923158528,4.1920104,8.656214
1060426613309063168,18.569342,24.354725
1354721342791421952,7.21672,15.105783
1459538385902465024,10.852553,10.606031
1280187491968921600,10.589248,29.612436
1425702514116812800,7.214266,15.328543
1176478925539741696,24.006432,7.7455797
1600645425122758656,5.6252074,9.36862
1127824328799657984,13.535614,1.5767642
1094,3.6833162,4.133114
1442342776797089792,23.977211,7.7706466
1529835631617216512,8.777416,16.429888
1251148870340984832,2.5058134,-44.92337
1600646432061911040,16.588902,11.655307
1579463834259415042,6.376807,3.6706395
1231406968278765568,5.523486,-1.3949333
4718,0.26759142,9.443267
6281,10.545944,2.8191497
1544514063513153536,-10.333001,9.195496
1637308200762945540,18.330372,9.933353
1345849477612699648,-3.6338937,-1.8826691
1302983976839368704,12.187639,4.0986733
1599646806571761664,4.1674013,18.281267
1185455211131392000,16.402538,-2.0204065
1060419735309008896,-0.45852923,-4.2277727
1259383435375480832,1.8383731,20.56211
1003275274992115712,12.410743,11.253587
1241569070558879744,6.2069387,6.5329194
1127779736687583232,-7.7415895,4.7344294
1027916544683458560,-11.640201,10.634593
1639459528829464576,1.879197,18.794744
1176786408103710720,5.0739746,18.79714
1414982353312366592,-12.630318,19.320625
1425815485102972928,7.7358866,-41.483097
1072035731106754560,6.8957,18.870985
1060427198389329920,1.5029198,12.350926
926303054410682368,3.069066,10.521159
1060182197923258368,-8.617701,14.476636
1336316219001225216,0.07949633,-35.98174
7264,12.718157,20.089153
1072320267644366848,-1.9406357,4.8331203
1506434370813243392,-8.678833,6.797851
1036,-2.0881526,9.131559
1060424352314990592,12.968079,4.7278957
1210524917077327872,3.0095112,-8.204609
1529829860489793536,-10.879678,5.5283074
1272732477057843200,-5.1360145,-41.377693
1012714138047959040,0.30678132,-34.30413
965227600137412608,-6.7680464,-37.740307
981433020239314944,5.4717813,26.6277
1045,5.308581,20.064478
1447109016982474752,-7.5462756,9.937862
1176475670386544640,-6.6965737,17.810314
2883,3.0183587,26.225435
1332451634549927936,5.0826187,-43.781242
4804,-12.090772,15.060243
1510913643071344640,14.830308,14.80498
1637308200758751234,-9.984274,11.525553
1081476796047368192,-6.029752,9.632208
3755,2.0231552,-33.4297
1590592909261533184,-6.430369,-32.200974
1302983860527124480,-3.357188,19.439314
1016483656515485696,-5.315556,12.51246
1109496501997522944,3.146143,5.5270824
1592467346151825408,-7.347283,-36.575916
1506437685166227456,1.9092829,-35.64779
1176792114282336256,-7.896214,-3.516274
1049699677476921344,-4.0284843,-30.081814
1203221123569868800,20.76416,12.381028
1302971231901405184,15.356736,17.61433
1039011170648838144,8.723564,3.522057
957279440201584640,-9.335895,-36.00984
1506258411612291072,0.27795246,14.612815
1227788474945523712,3.9620657,17.08207
1318439453468774400,2.2103295,-32.84734
951035209414045696,1.0400492,23.443295
1600647415185797120,-1.0855316,-36.388317
1468466814229827584,-8.814507,-0.5382908
1081439455903678464,-11.775706,6.652044
1579463834267803649,5.072995,10.979304
1043,1.0630027,30.32318
1354361068016418816,-14.966287,3.1783113
1024834977686405120,16.29176,-1.2211798
1176481590743109632,9.424512,26.389286
1568460912023760896,-4.7014008,-1.1424503
1196464025296605184,-4.336688,-28.86981
6332,11.556661,5.462291
1386509798749503488,3.8093348,9.49735
1281,-1.7820568,-26.727661
1101119956240117760,11.8448105,15.796283
1042,0.16859177,20.277678
1079,-5.783976,13.785796
1579463834263609346,-8.601437,3.7490382
1576793048264347648,-2.6383972,-43.44143
1192466434418323456,-7.323808,24.066097
1072039590394916864,-0.058101732,20.754223
992234580398338048,-6.6260095,18.942171
1173946440855334912,4.598772,-46.257084
1367118722380337152,-0.6232685,-44.609623
1024298719411224576,7.352531,22.478264
1579389548584755200,7.274522,5.536954
1227777766975492096,-7.453218,-34.50417
1248532261092634624,-11.635459,-37.68941
1101118632748462080,9.083704,13.973331
1088728488765751296,-8.710808,-38.330425
1280188512204017664,12.628221,30.382929
1240293631207022592,1.0562756,-5.326249
1637290482995249152,8.001648,12.596957
1269998583829159936,14.365801,-2.8344948
1040228482809917440,1.3983831,-39.19189
1057950040587534336,14.892431,7.613095
1360528360634417152,-6.5437922,9.125087
1127828891854282752,8.503025,29.695753
1506441067528470528,-5.8597946,-32.637333
1009986806426193920,-9.788137,-2.690405
1506437960495808512,4.0018344,-40.900772
1024229034766413824,2.7161758,-2.5834033
1500517963295277056,11.487488,0.8819728
1120864436670844928,2.9668589,14.314373
5190,-15.957619,9.167816
1035,-6.2571754,25.95176
1056794986841141248,-2.6654193,8.170201
1060482648350670848,7.7110286,22.764713
1205825874279325696,1.0540751,-41.708267
1088,-8.474664,14.479104
1586710098293059584,-6.9635253,21.352003
1050966725939220480,-4.6922946,11.9921255
1081482172490784768,-3.1773357,13.157863
957260037314572288,-6.4143014,-30.711681
1016361551937437696,-4.3975687,20.82078
1386515666686672896,-1.498557,8.0886965
1530188808820609024,4.6116686,2.239869
1058542544445796352,1.1212546,-35.424477
1223826355241766912,-3.5242853,-36.91733
1031744150238658560,-9.692014,7.3051567
1004630727030366208,-5.519206,-44.313286
1127826932912988160,0.97895217,14.22231
1345750056787333120,0.8006412,-44.880234
1475759472815226880,3.6469166,10.656819
1059097027332567040,22.049847,14.041572
1067078048126255104,19.238245,0.66239595
1223733998488014848,9.22179,20.942293
1171406273158328320,0.7637193,-38.586147
1533770570666577920,-8.635003,3.5860097
963417579531554816,-1.627321,-3.9888222
2882,0.28783318,-2.6432445
1584802592680976384,16.266804,12.609128
1570003874398539776,14.373216,11.031991
1192459553436119040,3.612765,-37.73647
925687337457942528,2.709665,-47.146927
1447481636345118720,18.41881,7.419488
1176483108384903168,-0.5271359,12.844798
1530029773064486912,1.7911645,-41.15595
1127780435718676480,-13.696959,9.219524
1023936450743549952,12.076375,13.999483
484,18.328136,2.9978032
1303510196828065792,4.777924,-36.328182
4370,9.923055,8.119259
1060533799947378688,4.8789916,14.315816
1177060480947556352,-5.017469,25.311714
1300412885906313216,18.143223,15.928882
1271746727256440832,5.9736056,31.801643
1177079435942662144,3.5411997,1.7572902
1082222234631340032,-6.1071806,-35.487976
1176687366954782720,-4.100996,-39.51444
1077761392706465792,2.522563,-34.804905
1036409539782799360,4.6470575,-28.036901
1269992799158329344,2.226359,-36.820538
1506433453699313664,-6.01909,22.993042
1090094829484982272,-0.30748445,1.3207799
1485816385882820608,-5.5985284,-44.31772
6390,1.0019971,12.750327
1040215639796543488,4.774427,-1.168784
907766078543638528,0.3755203,-31.346432
1178305079637987328,-13.204247,1.186334
1372818773644341248,-1.3571792,-39.323597
1072155846171226112,0.448679,-38.560123
1386520780608602112,0.48200747,-36.36879
4376,10.405712,25.250797
1505447320263077888,5.4692903,10.618687
1443023596314947584,5.5460978,0.94352376
1090093219228762112,14.594489,5.239828
1506433089148567552,3.4053144,11.37585
1023938765953220608,-2.2662644,21.469591
1081935907390160896,1.3538073,-28.22585
1577200527628443648,-0.47354102,-38.53465
1039336322476601344,2.415902,14.625659
1004,5.763454,3.40614
1072021577172054016,-3.877542,-31.489084
1579389548593143808,14.641441,4.100675
1176475143422578688,-10.217748,4.3032184
1188895872752197632,5.133684,2.2819867
1178229177352736768,14.229702,2.3392618
1302789019088277504,-13.251712,1.1374182
476,8.668592,-37.83234
1269994155952758784,-5.470176,15.924718
1271749074611257344,0.8028992,11.155763
1176818689262456832,8.341543,9.643936
1127824506663313408,11.718554,12.526602
1051037995976413184,8.066986,-0.6781935
6350,-4.201722,15.502514
1569213140636471296,-8.986128,28.394297
957280583490203648,5.998365,4.5121107
1037939996938039296,-4.369685,13.949759
1037895363293974528,12.905449,8.22476
1578319715294121984,3.0574493,26.309492
1120550983393472512,-10.415882,2.6576498
1073,11.261627,7.5729113
1300370617384128512,-3.3544934,22.24483
1280183954299998208,3.6476352,6.5282173
1143166654134050816,14.018028,21.914732
1052485483518283776,20.609531,18.549208
6191,-6.25706,-34.38447
1302984070259101696,6.6465726,18.586805
1271790653254328320,18.552217,26.44412
1386580271625666560,5.302569,26.784334
1255703856790122496,-4.5943747,-39.043255
1506439888545984512,-5.3946924,-39.305923
1617860053455941632,18.535156,26.434938
1039012243463684096,12.289423,18.364706
1025269180240539648,-5.7290435,16.178679
5186,10.803116,-2.3568206
1595750421539504128,-7.2150946,-39.967
1240846863687884800,19.246126,21.336102
1510521094363512832,3.1289973,-38.58011
992240589816754176,11.083091,10.39003
1494011399952465920,1.3534945,-34.383583
1579463834263609345,8.555879,19.080423
1579463834259415043,-2.5235617,10.140507
1599294295344140288,6.775358,-0.14416113
1371650995864211456,2.4405572,-36.78797
1060172024517271552,2.101869,10.992559
6389,11.051498,12.365944
1325831460154982400,23.415388,3.9485679
7010,16.542938,17.93778
1414977824479150080,5.9102077,31.831797
1371382954672787456,-1.154432,-33.51161
921298138936754176,7.6807675,-36.376537
1011,-11.747547,15.398968
1322047266509512704,-8.3727255,-39.347443
1081463348311818240,10.802855,7.6835065
1371808607339466752,-0.2597355,-36.261646
1386518393457213440,-8.943201,16.065655
1556208621649104896,-4.411762,-40.626507
1041,-11.6986065,8.596452
1068735690296967168,11.253569,6.8391304
1227797684072632320,0.5108568,-2.1461132
1210369932578471936,-5.581405,14.280423
488,11.3259535,8.734181
1180385101811044352,17.667389,16.798016
1009986604520787968,8.051278,11.074845
1497522884217585664,-4.7537317,-37.47345
1510908937317482496,-11.3963,8.68427
6706,1.6548396,-39.432007
1255705754171625472,-7.124353,21.399591
1428218292221505536,-4.8312263,-45.966927
1029673164270641152,8.410762,24.60363
1573653660678942720,4.0082498,13.809112
1437374059124281344,0.7284361,-33.11515
1367459580501823488,-3.051104,-39.828575
1051213189974106112,0.76920825,17.375454
1013689150397251584,6.616264,13.347757
1207315849370083328,-5.945059,-35.081528
1208402865142833152,-8.670439,14.036063
1188863209202958336,-4.208045,-40.45756
1009996581352329216,5.696886,16.14668
1101118103171444736,6.212159,20.166147
1437400427178405888,4.60664,20.17042
4717,23.591196,14.562813
6309,-2.621458,-28.252916
1428212585166454784,-1.6912779,-30.357811
1363689168809852928,-9.559567,13.075099
6208,16.483963,4.312537
1326903961519280128,12.752504,14.8618965
1236520100442701824,-2.7392676,6.1376467
992233272236851200,-5.7357903,-38.87108
1039,-0.43829685,19.449968
1030720951305289728,5.659458,-35.807476
1586191062757044224,10.283597,14.746727
1051212890920243200,19.516863,10.496104
1040226833420832768,-2.0083659,-44.5034
6186,9.952897,19.06127
1386502245102616576,18.894049,5.582718
4,-3.1908507,7.7609525
1315842003759325184,2.4227326,6.9816337
981432023857233920,-5.1869497,10.039052
1127823197562314752,5.533034,-7.1104956
1060525976425373696,8.205217,5.563663
1082221013971443712,-0.9116481,22.840961
1590586618703110144,-1.606452,5.5871167
6279,-1.483684,25.61805
1637308200762945536,-1.3916935,18.187439
6316,7.8130054,10.312905
6393,5.871753,16.17495
1037894283092918272,-3.984181,3.0969574
1506847212546048000,-3.2774117,-35.058807
1060536695573225472,7.842476,4.290427
1372641028104679424,8.727395,2.3693702
1470681233256202240,-7.961357,13.081516
1510914756020895744,-3.5404966,6.5460362
1371381920008822784,15.553476,20.389326
1228970091273670656,21.431545,1.9172596
1279541431000928256,-10.916449,-34.77696
1152405993958797312,8.7121105,19.598612
1430102973938827264,6.646385,7.449142
1386586716291203072,-2.780763,-46.300594
1259387789327273984,-1.9941336,-2.644716
951331282955235328,3.1802006,5.6838403
986,11.143268,15.070953
981433343636934656,13.647481,27.793915
1506435506945339392,3.3117805,-38.59693
1437763036889235456,-15.5511875,18.262217
6227,19.168419,18.614447
1003281243717410816,-0.024938794,15.064043
1060189898875092992,21.70344,5.0446157
1303509997762203648,-0.07359359,-44.906376
1190337478768369664,-7.7830253,10.352324
1568896803145977856,-0.7064399,-40.853703
5849,13.757433,20.387913
1617862358154694656,-4.326194,11.93782
1013694553487396864,-1.0139209,16.365025
981431488164925440,2.0973582,17.005344
1227792457323925504,13.267516,3.374538
1355541496630996992,0.7926632,27.45783
1397043574451818496,4.4735126,11.381979
1665205580887474176,12.085063,-6.9187865
1502570501434830848,9.162448,9.889487
1578304960361795584,11.097922,4.143752
1346061537546076160,2.479479,-34.84058
1529827614385475584,7.4060564,27.708427
1430106004210221056,20.111057,3.2543237
6130,-4.2496457,-37.370415
1599307979567132672,-4.1789637,-35.07234
4373,-1.2404628,-6.475745
1039335316334366720,1.7839767,-40.506367
1085721128954691584,9.630471,15.696109
1309316191799074816,-2.79966,-32.716637
1203125820631453696,5.4897165,24.05776
968010279455068160,-2.0458212,10.760856
1144034245639626752,0.5377925,2.256888
1506256795801501696,-9.348107,14.809169
1127823373060382720,21.63979,21.188072
6152,16.225363,9.047293
1500518916099317760,-1.0138068,25.12024
907436039922921472,5.340132,-39.276306
1300372644021489664,5.86056,14.373311
1214593906380324864,-4.311883,-40.6347
1510908073538322432,2.7474515,20.055992
951272518646460416,-6.5394983,7.686139
7345,-10.50302,0.28417188
1030716865243680768,1.1142108,9.6435
1003284120984780800,-6.2607737,7.816246
1081209933484720128,13.238473,12.618025
1008,-2.1949565,17.758255
1039037145616994304,-2.768013,-31.61711
1437375340844855296,-2.6956582,-29.615486
1488543214382628864,6.383111,8.738547
1188169243201392640,10.873074,7.4604616
1026627357383311360,20.856293,-0.651599
1083,-12.819614,4.489656
1271746222149001216,0.25316504,15.002294
1450526849507409920,3.9387393,-38.47246
1068708912841023488,-2.45646,1.9928416
1529827812423733248,-5.1647577,-43.045017
1248418116993433600,5.406066,7.0606256
1030719703457906688,-13.274591,17.68495
1053675230009794560,13.434345,24.701216
1141525945316499456,3.8431575,-34.998707
1302984155852263424,2.4532938,15.1234865
1040225713168371712,1.5196441,-43.609966
1024467146289491968,11.066333,5.580827
1021529097851080704,-6.473075,-42.30551
1060180323849486336,-1.7549489,2.4402933
1190325339085258752,-1.7042876,-0.24398188
1300374072534323200,13.6088295,1.6701077
1003266449077592064,1.5766582,9.961555
1302172179714625536,-2.4266121,9.266772
1521106230418952192,-2.8825436,1.2598275
1578965320664313856,0.049442034,-36.94157
1295,-0.9130882,11.639987
1060423365466562560,-3.9794414,17.850979
1058953137447272448,11.082245,7.4176974
1176727516661387264,1.302426,-28.360632
1529828929283002368,6.046499,16.366657
1041646308638912512,-1.6537248,10.169829
1124815658335649792,20.676786,7.537293
1003279661747576832,5.1835394,-3.9116015
1637308200762945539,-9.353085,9.741421
1077766569140301824,-0.46999374,-31.378267
1090062244360830976,10.745165,14.688878
1293,9.371717,14.152101
1529840769216008192,4.018355,-44.97088
1127935753564037120,-1.0542376,17.092249
1529830284684922880,-0.06440074,-33.01784
909669727074353152,-3.8701913,-33.538807
1373278706546462720,1.4055635,8.5156555
474,1.4237326,-43.995724
1529838614929178624,-3.491094,-2.1125367
1004629790266122240,17.625296,13.736194
1600643827898249216,-1.1102424,-46.754364
1042677978108416000,-0.2475579,22.470667
4831,-6.3604846,-6.6052227
1510907224439005184,6.1952953,14.140159
1510911485130448896,11.089276,16.736385
1003262374504202240,3.5882576,-1.0119702
1214609594411065344,7.979635,10.539334
1035205451553169408,5.6357355,8.136434
1309310530361090048,-1.1327456,-31.9926
1176689938671308800,1.8013759,-39.68719
1180396024701407232,11.79429,9.4111185
1363686325675720704,14.733376,16.441378
6251,-6.644099,5.6648955
1314877674226507776,-4.2658944,-33.647243
1411616110292070400,-3.9461837,9.511427
1472860010254024704,6.943171,-2.0666437
1430101709150601216,8.035158,8.510728
6291,-2.5588136,-40.616844
1510909242058612736,3.7038805,8.226581
1056795613314969600,14.17489,18.576426
6228,-6.0906706,-40.248314
1177130798697385984,-0.87791324,-26.745928
1309695026923167744,-3.8923674,-37.028996
1030718512762109952,2.916522,16.582497
595,-3.915528,14.619234
1176477200477032448,-1.807925,21.430178
1271749476295565312,6.2631655,18.520874
1627950837576314880,-10.012845,11.475502
1259389501551235072,11.416123,2.2013955
1496768444169850880,-9.095221,-29.88121
1055702735499063296,-1.6489083,-30.207056
921293728483491840,-1.9040232,-23.974598
4766,6.6032944,6.76388
1310820842595803136,-8.645878,-43.981197
1507993371308929024,-7.929131,17.919239
1021524961793380352,-2.9145334,-44.769054
1039801406877388800,-0.17202276,-39.52059
1052195167150055424,-7.8438735,-3.5106492
1386584560309895168,-2.8765068,-37.383263
1081439274323869696,0.1921411,23.595472
1141516102480388096,-4.695035,-31.41983
907664156151132160,-4.8179364,-38.359623
1367041406602055680,-1.7170533,-42.313683
7339,0.032256205,28.022503
1223827340991287296,-2.3203065,-1.3068849
1309381550098997248,-3.837458,-42.51795
1253232710229086208,-2.788209,20.417225
1533728457283321856,-5.710911,4.719441
926302270465904640,-5.9667416,22.987385
1176364792077062144,-0.97702664,3.9072607
1177965631725391872,0.15016885,6.892993
1477263721638801408,5.304468,7.1508875
1637307786839666688,-5.6301975,18.360722
4792,3.224062,12.332096
1030721130607583232,2.0421703,-41.707615
1600645089234518016,17.435228,18.181353
1696164001639981056,-6.005,0.92439187
3418,21.035738,16.619907
1188850615582900224,-4.225996,-48.26137
1259379505102917632,1.8314036,29.558512
1158589168670203904,17.713215,13.846307
1495006892165246976,-9.764107,-2.7681007
1529826189664292864,0.045527633,16.606356
1591240426177294336,-0.49864167,3.1579545
1009997123101208576,3.8020403,12.428674
1241632255861202944,18.526926,12.504916
1578990896078876672,-2.8924234,-38.5687
1568829708882350080,5.56961,26.572947
1255706349926363136,-3.2655401,-42.17838
1476029104213000192,-15.409834,7.9225917
1529840151302737920,9.811429,5.6329823
1531446505817739264,-1.6010025,-43.7383
5978,3.8861535,-33.736187
1593470986714992640,-1.2555804,22.775679
951274188960919552,-0.8847042,12.443645
1047,-15.033308,13.651373
1124818890072047616,2.4652967,22.527588
1557580713581916160,-1.6538135,-42.539658
1188134900072468480,-4.364838,21.214918
1009996095974879232,-6.918777,14.0305805
991673278647009280,12.862338,22.880878
1577507520616468480,-7.5579214,11.46733
1313373937418756096,5.231143,-37.660683
1340863203300896768,11.761377,13.669453
1187001404805369856,-3.6930234,-36.173344
1002,2.1191819,3.5690925
1127778848120086528,8.018841,-0.90077966
1372410961520914432,11.129298,10.930351
1506257386078486528,-3.6869407,10.547193
1187246279282937856,11.49204,19.459175
1016493369395281920,-12.987427,12.571354
1474588227587944448,16.04681,28.349165
1386593954994028544,-10.227737,14.68291
1192460769725558784,1.5169578,-36.76078
1030807238171332608,-2.4528987,13.208576
1081441139467943936,7.7067556,24.491636
1037903146340945920,4.6833467,22.506311
1447461535369793536,3.9495568,-42.187515
1529830104069816320,15.015425,1.4105866
1271745432827125760,-10.318274,8.392917
1319223837012643840,-4.3142443,5.835343
1180460086453882880,4.4086704,27.259588
1510914491251261440,-2.903702,4.152115
1039797148073390080,-1.4022328,-47.812737
1039328254141452288,5.101511,23.38168
1319186133654900736,-3.3970845,7.7423205
1067075793872412672,8.293797,4.558536
1127778661058322432,-6.805751,1.3282286
1060481533957677056,8.29731,20.167995
1195250002848813056,-5.1653094,6.852063
1075,3.82191,15.371023
1329003406869262336,-12.237162,22.776018
1459535693924335616,7.1793423,11.904265
1060478955828035584,6.586958,-2.4027317
1476447392181059584,8.545819,12.384575
1060185073584193536,-2.8163514,29.337248
1182970437321904128,17.266947,22.823956
1502563883759214592,-2.0143538,-40.9881
1371378497070882816,21.078495,16.588467
1003280176610967552,1.9628323,6.7042212
1176363393872269312,0.43527704,12.236298
1057,3.431855,-40.551548
1227594061963218944,-5.633199,-44.646137
1025280340750811136,6.041095,-37.142265
1506257070079623168,3.4363463,32.038963
1342311844484489216,-0.03370641,-34.272896
1593497070357569536,1.0446225,14.365346
1240468632891695104,-0.30085704,1.965273
1178230808408510464,-4.222604,-34.80627
1176814972358332416,0.99044526,27.34225
1259382906385682432,10.514094,24.11249
1127776952995127296,16.260056,25.004898
6396,6.1259727,0.27049664
1060535827465519104,6.306627,-31.083849
1533764383313203200,15.915255,13.752421
1177161857522700288,-4.217238,-37.68332
1025272668521545728,11.916777,26.324364
1003786050534277120,5.918334,1.2996002
1023938375878754304,15.134337,10.366532
4780,4.615692,0.13091245
1506112691679932416,14.969448,9.152088
1233926993163235328,23.594587,6.4023533
1104,-3.3433852,15.707379
1127926629736488960,2.385025,-28.820807
1529837512921956352,0.5309654,-42.71772
1180414102193590272,-1.5733784,31.512411
3832,-9.014127,7.8077135
1214607496327929856,8.215373,6.082389
1503307934297763840,4.2814407,23.111095
1326366016722849792,-9.2797575,-40.249104
1567338833568268288,3.1848006,-42.691105
1529836927564894208,9.250887,7.1342463
1176695534585876480,-7.257934,-34.24944
951330416265220096,-0.16410278,-29.89425
1081424374058909696,13.522143,-0.8165653
1271744958602330112,7.7017994,14.348634
925927944352829440,-2.55482,11.931176
1591110214605197312,-0.46599978,0.3423056
1060500295112998912,8.64958,7.821039
1023936784702418944,-5.145453,21.352272
951269492980404224,11.0001335,12.447008
3789,-6.182467,12.966409
1030717756160000000,-9.580885,24.105368
1067076127663513600,19.006098,16.504652
1049648263945957376,-2.04768,-37.79328
1030718744723886080,8.025887,7.019837
6210,-11.417339,11.983255
1477262017438560256,6.1877093,8.868265
1593519164298481664,-1.2050005,13.567957
1574962593012051968,9.789286,3.4695785
1227154851653373952,-1.7179298,14.9182825
985,12.25816,3.00268
1301810077854420992,-2.8693104,0.063531026
1579463834259415040,-3.5013788,-39.07728
1012328478212128768,-4.963522,6.336338
1037901515016728576,-8.929727,-37.448856
1330693445215105024,-1.8668749,4.34579
1434424618456600576,-3.413238,5.2283044
1090061126452985856,11.504473,24.345835
1414970854674169856,8.82664,22.388273
1530023841983086592,-10.543363,-39.72204
1060422018885263360,-0.79114026,28.322084
1253233054573064192,1.7811711,10.514899
6397,-5.4387503,14.512652
1506431043557146624,7.786187,1.4693211
1505446068800204800,-6.081279,-47.737057
483,2.186599,-1.3127973
946988294707830784,-4.2609158,-36.566048
1259377984688713728,3.5462458,18.750786
1577509234484580352,0.0014521233,20.51732
1176480261710778368,18.49778,12.504004
1447753008090947584,-7.835147,17.093468
1024469880715653120,0.58348143,-35.98864
1058557277798428672,7.144968,23.32096
1371381102845628416,7.922486,8.595761
1060191363010150400,-7.4345503,15.615402
6395,-8.803177,9.272617
1034,-1.0969646,20.277882
1016359582644916224,1.4146125,13.33805
1081457918311333888,15.3931055,7.322699
1529828620137631744,-1.7711916,-38.83668
1271748332924100608,-1.48819,1.0272114
1023938143967293440,2.0533402,-0.65223455
981432766018355200,18.643814,3.023951
1325150789203877888,11.163102,12.867528
1016497173360889856,0.26702186,15.606607
1196767109516267520,11.800616,9.082417
1210105985333936128,-10.547176,13.166791
1617857060782305280,-8.514222,7.7903357
1459550545581506560,-1.7579459,15.910263
1637308200762945537,20.553976,7.182938
6090,9.544027,-38.038563
1024526626993778688,13.622741,17.830185
1338648032923172864,-0.015528282,-37.41521
1432161348659019776,4.4954615,18.788795
1180379168561188864,-2.9867737,23.800642
1060538853160927232,-2.9432905,-42.56684
1060482031263719424,2.407576,13.035406
1328914971043164160,7.2464943,16.158634
1599666986530099200,9.693477,17.893953
6226,-8.463809,19.629028
5912,6.9275355,13.7898445
1176766745646960640,-13.62002,15.848707
1176692010238054400,3.8657587,-43.481037
1178285170413555712,2.1526866,9.269394
596,23.427185,17.306082
6334,12.10171,3.6485884
1527926297916260352,-5.3436556,-31.305613
1528650279044952064,5.717134,29.225258
1259375414536654848,12.426689,-2.4474335
1350068782522818560,-2.0374832,2.9268901
1177151897887805440,-0.7729424,-33.06458
1529840392525561856,-4.297459,-0.47345188
1207278238144348160,-9.731322,-35.99502
937953618389823488,1.7192135,-46.24734
1309378131615408128,-0.8160974,-28.415407
1057802664577105920,-2.1105793,-32.924538
1477256541572734976,-15.718763,13.326544
951037179461857280,16.82497,6.8780823
1486243487203844096,3.2953968,-32.56579
1127824820225286144,6.430852,2.1097505
1466039648946753536,-4.7523575,-35.9301
1427191012527353856,4.4255404,-28.529213
1024470532225286144,0.22364806,-31.399586
1188856847286853632,7.255912,-36.069107
1060498457605218304,-13.782871,3.903481
957280802697105408,1.7945952,21.455214
1371273403193155584,-1.7069974,-38.715763
921304674622881792,-6.7550387,-42.515526
1176789322595536896,6.5946593,5.415127
1378921633185300480,2.2090704,-29.978565
1141529866927824896,3.050201,-38.2901
1090276802023264256,-1.0917956,-38.45375
1188375641243799552,7.4307213,9.046345
1600644706785312768,20.863571,13.660381
1059107170992553984,8.28117,24.53222
1450509367459594240,-5.6889677,-34.344387
1450510049826717696,6.440649,-32.259026
981432626645823488,-4.253822,9.535147
1201765303690096640,17.237766,22.79084
3416,2.7519267,3.1616492
1529838386960371712,-3.7575128,31.009878
1442738243986010112,0.24046683,-39.594387
1386588093906157568,1.3142221,-43.27894
1176366896652980224,1.4631939,25.801235
4769,4.4106083,7.4699683
1502569618609336320,8.000614,0.61973435
1009997537980796928,11.912575,13.786572
1303510293221560320,-2.6086884,-43.310684
1214630698508828672,6.5006495,2.8427882
1645702524940447744,-1.3543063,17.15784
1564497036849332224,8.512226,-41.62508
1579463834263609347,2.0350432,-37.62706
1341261741015449600,-12.640978,-32.08337
1081824335296667648,4.3079658,-2.7051797
1001,-0.1002489,6.884525
1592506772986908672,-3.9773412,-27.967466
1506430391391825920,4.9265537,11.083403
1223827753123598336,12.228076,18.486034
1176715751705776128,-5.7831225,-32.65443
1271791248262479872,1.0487809,9.13434
992238729751982080,18.788494,15.268916
1300366157698125824,13.086075,17.333826
1354720468908638208,18.344072,9.858804
1100046801442516992,4.651801,2.566122
1500517571001192448,-5.950204,28.501768
1377415259015987200,-0.6138812,10.359749
1342633188434657280,7.636694,20.97208
1324189888032235520,-3.5369372,11.013193
1076,10.277325,19.858171
3066,2.8030014,3.9157698
1024947203206328320,4.931667,3.792231
1533771073626554368,5.941217,15.316861
1214631124281008128,-10.403228,18.647936
975569541425930240,6.553081,17.596722
1497496341442109440,1.5621862,-42.555794
1372817468527931392,-6.942075,-36.62756
1060533337424699392,1.9518753,-0.7987825
1255705526790017024,-0.4259236,-43.80062
1081435418214989824,-2.3788214,-39.096554
3585,-9.015567,5.6443973
1533724889717374976,6.807233,12.636051
1049643964134240256,3.0007694,-38.33752
1036439846753964032,-6.9800596,-37.123466
1059092441800671232,-4.765191,-5.0891957
985077193270304768,13.454721,11.915912
1397094685942099968,0.0004884283,25.661581
1060532202563477504,-6.5321426,27.546242
1350355620422746112,-2.1775856,-35.507862
1374521775962042368,-4.3374233,-41.80497
1411616706948591616,-11.87599,17.223698
6697,1.9020922,6.104386
1227780501921746944,-4.65812,17.01566
3417,-6.613787,11.844555
904937568070164480,-0.17553101,13.051969
3453,-5.238242,-38.627254
1210372778350813184,9.495444,26.327421
1060419204981235712,13.876574,14.766503
1351390610542014464,-9.705793,19.95199
1042799177127849984,5.2983446,-40.766544
1037912179227594752,5.6692905,-37.177464
1397046181387898880,5.234265,4.653864
1579463834267803650,1.7034147,17.451452
1309086245335982080,7.054884,-38.58378
1617849303056343040,17.97427,4.7572937
1030717983461916672,17.346169,11.691662
1427306357544103936,-8.057541,11.519749
481,-2.7489393,11.739214
1081197499046887424,-4.5978103,1.5279725
1582054795044978688,-5.5221505,-38.271557
1193800562304782336,22.763248,10.3905735
1468368584934576128,-5.7068896,-41.11991
1127780901521301504,7.445295,6.0859423
1801,12.424306,-0.85554177
1386591527561560064,-4.973299,-40.28553
1529838071242522624,-1.2630026,12.212902
1207190257987436544,10.245091,9.286081
1039809963760865280,-2.987617,-44.69128
1240831868031868928,-1.1640278,14.250128
1579463834251026432,4.0506606,1.3098603
1178474934781628416,0.30469424,18.608723
1300372986662572032,6.3900166,-41.93096
1373278705871179776,-1.023655,-1.6122388
1024468939606114304,-1.2886431,-34.630405
1108586818368397312,-10.556859,-38.123955
1039035521628585984,-3.6630259,-30.103731
1127824178815541248,-5.5744324,17.66596
1127828425649004544,5.659221,15.765251
1574317177220300800,-12.99896,12.638674
1386499247742910464,4.096676,15.081805
1637308200767139840,-0.4739341,-0.8542332
912908323877367808,-4.7250433,11.001786
1253233998060777472,-1.2726585,14.53873
1599648844957368320,1.9134146,16.097824
1600646890759405568,-9.1473875,-42.52246
1386587306393042944,5.1831536,-4.024825
938004694975602688,-5.292174,-33.22845
1506438950431174656,-1.4532564,-33.271084
1577507207129993216,0.5491112,11.115183
7194,-2.9047918,-27.85576
1013693794247061504,2.6822038,8.54241
1046,7.6865478,26.941648
1386500695427907584,-10.266535,-43.276
1023937509465571328,18.9443,-1.7196938
1071,-10.395953,2.486914
1251791254896422912,-6.273828,-1.5268068
1039026247758237696,8.317791,-0.7363584
1569181513919172608,-8.166817,20.14577
1003275744745775104,20.472342,11.857416
1280185097386233856,11.608702,-4.0801363
1503307092835577856,1.8550663,24.939503
1371377566258827264,-3.4931548,10.812938
1036440602265563136,1.4232283,-36.986893
1176515207892537344,17.786528,6.1735406
1585900023584415744,4.1193423,28.778456
1180317270440431616,21.01263,22.593908
1328999689193385984,10.760596,-0.6138091
1037902127309615104,-8.217688,0.6448065
1363689598658904064,2.657081,-2.4355276
1081434820874797056,2.4483361,-36.837936
1448216340602466304,-3.720533,-34.758457
1386576811203231744,11.988183,1.0784587
1067077824599220224,14.43984,2.7533128
1188859040710696960,1.4616928,-30.195501
951330704673955840,0.742844,-29.68758
3839,6.826219,18.662582
1003276609049239552,-6.1491976,7.8225627
4371,-2.5053048,18.08169
1530068771518513152,-4.998277,-35.86608
1060421141625610240,18.818726,10.125505
1180398273364250624,9.836816,-0.37613437
1437378168090963968,-1.0590793,-37.09139
1450015418995105792,8.616582,27.146162
1280185993407008768,3.702244,13.419907
1207158334556684288,-0.32347184,5.3911557
1529839075870625792,15.4757185,8.402204
1485812205470355456,-1.2479614,-32.62246
991668714472501248,-4.651446,5.291989
1072318845775310848,-11.199703,20.80184
1051213823343382528,-4.388944,21.206547
1637335707209908224,5.143189,-39.212704
1567739660208377856,0.38009486,8.034489
1143104508079595520,-7.136924,13.105941
1242802223134941184,4.5328593,10.42219
1280187744793169920,1.6075462,12.074189
1506430088403763200,16.501984,15.448982
1506434016772112384,-5.724185,10.85441
1059127059945910272,3.5449862e-05,8.757461
1180382921616019456,-1.9486262,-35.349865
1302787904179359744,-1.0048829,6.783828
1003260923132411904,-0.05039101,6.402903
1506257769488203776,3.1377103,8.885972
1007,11.700848,27.074402
1453192006507630592,-0.19892426,-35.04691
1196773103776468992,-2.5506847,26.846617
921300679011450880,7.294956,-38.706264
1037942934280433664,1.5172136,17.17315
981434148733587456,-3.5698361,6.6873603
1309318118645555200,2.837946,17.884102
1599353369997856768,-10.542594,1.2731792
1059116667337207808,-3.7457273,17.674934
1568902957888696320,13.373161,24.684273
1500521764944482304,-2.6622515,11.763963
1127779937863180288,0.10184872,10.782516
1506437455753265152,-1.1382382,-31.709528
949539652740804608,-10.041965,6.021881
1009,12.502748,7.427892
1294,-6.5734773,19.841278
3421,3.2942445,-30.326738
970313290353455104,-6.583847,-38.757698
1127825168818085888,22.661839,10.552618
981431827647688704,8.190078,-6.4028263
1529835859292422144,7.6141567,-36.323715
1665201601189240832,9.735931,15.741656
937004569725095936,9.286189,-4.3377366
1127929578986512384,-3.2095077,14.4293785
1030717563775651840,1.5701659,20.964422
1528942989614235648,-8.04397,-32.72568
1447756415476408320,-6.2308807,15.253017
1227790339099742208,5.9639416,21.478104
1427102901604626432,-7.0407753,-40.01471
1054636868837142528,14.988327,9.324404
5957,-3.5294893,-33.700474
1060531737104785408,-1.2093323,14.354384
1177056274182279168,8.319524,7.057504
1030718866018963456,-9.694291,13.456873
1530000145390227456,8.617792,-38.97812
921515657865838592,-2.7589579,9.340145
1289544870431735808,0.46993577,31.648096
1030720226097537024,0.82865906,0.5777932
1443757848107225088,4.069873,-39.411674
1342627811466944512,6.731014,-30.05763
1510908647012925440,1.7812048,24.81809
1590587728167821312,-9.351702,-32.66059
1477803321780219904,4.493081,-14.71372
1171432158624231424,-15.586932,-40.409397
1171431954961412096,-15.5844555,-40.40945
1171431903002374144,-15.586219,-40.41072
315,-3.237755,-14.658318
89,-3.23644,-14.656845
935071861959671808,14.014648,-41.063354
935072342421389312,14.016132,-41.06303
935071925281079296,14.014586,-41.062176
938972337018961920,14.013578,-41.06145
938972840817790976,14.015474,-41.06117
938972434490417152,14.014528,-41.063812
175,10.943407,-25.010746
1199542781913501696,10.952898,-25.001734
316,19.451246,30.471882
319,19.452509,30.47388
992016022380769280,-17.706945,-4.367917
1477804106940792832,4.552592,-14.015437
1199543011039940608,10.938205,-25.012424
320,19.450825,30.472963
1199542721402277888,10.943947,-25.007723
992016252002140160,-17.705873,-4.368264
174,11.769387,-23.471087
1477803514147778560,4.553143,-14.017099
1477803740941557760,4.419475,-15.532682
992015922862505984,-17.709314,-4.3709044
924248982081773568,16.725233,-20.20512
81,-17.703133,-4.369577
924249108116414464,16.720543,-20.225254
1477803440176406528,4.4202895,-15.528754
177,13.016778,-23.574625
53,3.4723234,-22.801725
58,3.47566,-22.805897
45,-21.5428,-8.079477
924248852306845696,15.845472,-27.436966
37,-21.540003,-8.066884
