id,x,y
64,-8.498562,4.3288736
63,-8.302676,4.2322617
65,-8.432715,4.234367
66,25.90248,-11.179442
70,-21.18512,-29.96
67,-8.604235,-36.94012
68,-8.597944,-36.94409
71,-19.871893,-27.185114
92,-13.196412,47.00962
72,-23.271353,-31.714968
93,-13.289569,47.16934
96,-13.289138,47.151928
924247594312409088,29.207573,4.5007944
75,-11.639301,-20.2591
74,-11.635577,-20.258966
78,-2.4744143,-24.280582
924247804354764800,28.70221,4.5498753
1241732829604618240,28.65652,-30.180021
82,-6.287757,-19.968777
924249150001766400,28.684425,4.5149493
98,10.277355,-28.722153
97,10.269051,-28.706024
1558433137813139456,8.72689,-28.337074
1590044783081549824,-5.735206,-16.381983
99,10.280033,-28.729013
1522415485348610048,27.039465,0.15935333
1321851086127194112,-4.5199404,-21.46928
1589881871276736512,-11.628547,-23.180635
1558705455017799680,8.780534,-28.333456
1402403474704715776,27.266384,2.3961668
80,-1.941752,-24.315361
1345792227007266816,-8.917644,-21.325035
1402168890196119552,-11.597476,-22.89897
1534241837807140864,-11.593779,-22.922619
1402179204426739712,-11.582617,-22.912327
1534223514734268416,-4.77972,-25.876818
1558383746486161408,9.27932,-28.279844
1558425541857304576,9.747275,-28.240746
1558712413665931264,9.744098,-28.235876
1345121249499545600,-2.4857793,-24.970146
1558017881764847616,9.744946,-28.238682
1558339960175378432,9.758955,-28.219625
1386604157436166144,-18.634731,-30.695826
1557998820418969600,9.728063,-28.238787
1558430072456404992,9.741379,-28.243616
1558021749747789824,9.748136,-28.249151
1558422664678006784,9.727063,-28.2304
1565163448201973760,26.96377,7.025365
1319979732403343360,-2.1451066,31.850315
1197711035060359168,10.471384,-8.317152
73,-7.5116463,-26.880173
1195786972817682432,-9.783217,-20.70986
1372421146486362112,-5.2430468,-21.087606
1345920275132534784,-13.829098,-34.931145
6235,-18.737307,-30.941757
6890,-11.610529,-22.119684
1558006924195971072,9.762335,-28.18811
1386515816598470656,-7.60727,-27.037888
1497810713643716608,-4.712331,-25.802677
1081671753865568256,-7.1519003,-19.080454
1553723853589643264,-11.275604,-22.606726
1567434348205117440,-18.169802,-30.090614
1197681015453552640,11.578502,-8.968901
1367296192052203520,26.597488,1.6525251
1059614886211121152,-4.5531154,-25.30471
1406199823019196416,44.450657,-16.402946
1406246698619158528,44.45124,-16.403166
1334165133890211840,19.711096,-6.0521955
1564810498132746240,31.995756,2.6298375
84,-5.799587,-20.548061
83,-6.935227,-19.117601
924247696443711488,31.77933,3.3221984
1386587826843254784,-12.365274,-35.40578
1216629832849760256,31.753016,3.2985582
3067,17.875517,-5.284792
1,18.391502,-5.527022
1584738835451748352,-10.135077,-35.51396
79,-4.4292736,-24.983885
1402418101366841344,-20.639507,-29.921925
1216540854012297216,31.755335,3.302302
1216666474759274496,28.519146,5.006901
1427272855872335872,28.53791,4.985176
1216665490469363712,31.741165,3.3134117
1216664886959357952,31.758703,3.2900329
1216668641792573440,28.526337,5.0031176
1216632257635622912,28.531778,4.9974265
1499983876420444160,-13.523844,48.31221
1216631208795381760,28.560053,4.997306
1501111048589713408,-13.608189,48.193634
1133297429944758272,-13.751779,48.363388
1302445283271593984,-22.38925,-32.554573
1564807941746393088,31.765558,3.2841673
1499977995635527680,-13.656916,48.155678
1500433976714727424,-13.818633,48.06079
1383959948475842560,-20.644106,-29.933472
1216974039493844992,28.532179,4.984606
1468472243059359744,-20.646978,-29.908201
1216632625392205824,28.559847,4.983453
2660,-13.606667,48.228306
2654,-13.694391,48.164307
1501126896456998912,-13.806262,48.05879
1216667377889394688,28.533985,5.019013
1216632093608976384,28.557991,4.9957867
1500393114295209984,-13.441495,48.279736
1443116286297808896,-10.284286,-35.56356
1216630954754777088,28.515451,5.0275254
1216631543484063744,28.548998,5.0178213
1566648050913452032,-22.259691,-32.569588
1500401659107479552,-13.371785,48.28919
1500427747506393088,-13.356433,48.15142
1302798728721682432,-20.634691,-29.914484
1500491177839955968,-13.606352,48.12801
1501095452689436672,-13.616906,48.212894
1500432216169816064,-13.75647,48.125893
1500487507081564160,-13.488035,48.184704
2656,-13.560631,48.163662
1037116035797680128,-13.866997,48.291065
1501103461268328448,-13.788625,48.182453
1501100832559599616,-13.362682,48.276123
1500501028515221504,-13.649838,48.506744
2694,-13.528367,48.179222
1349389276982280192,16.331161,-0.11224341
1121287178188701696,16.306421,-0.09551652
924248759662026752,31.756535,3.3928132
1456079670768058368,-4.4296894,-25.263842
1620067749009649664,-2.0687811,-24.435171
1506238682666123264,-22.437138,-32.764175
1302443349827473408,-22.298595,-32.117283
1035033711925510144,-22.310017,-31.75634
1532723090776625152,-7.0106773,-19.162312
1533732347257012224,-8.940966,-35.21542
992235509285679104,-21.856003,-32.13023
1072040862183387136,-8.961315,-34.798176
1190972969213767680,-22.048855,-31.954382
1302795125881655296,-13.577947,-34.993977
1323246198426132480,-2.053379,-24.431913
1108,-5.908464,-20.505892
10718,-7.5346413,-26.929535
1299989027504082944,-2.0829773,-24.465496
1346079802817249280,-10.854489,-36.037964
1070329636412383232,-2.0688415,-24.467106
1401832058938638336,-8.977853,-34.980373
1654672277193261056,-21.913988,-32.288525
1068,-10.874975,-36.233284
1587372315707469824,-17.953886,-27.577164
6331,-18.872932,-26.950195
6234,-18.88757,-27.08652
1463082369901461504,-22.031593,-32.041527
1561970826424500224,-18.783401,-27.070196
1081639289864527872,-8.872329,-35.358883
1443162524997165056,-10.846349,-35.88751
992367925497344000,-18.704996,-27.250713
1127779112227020800,-2.078731,-24.441502
992243053097938944,-21.696537,-32.096226
1056469454287044608,-22.064432,-32.090485
6893,-11.088422,-21.057178
1072037908604841984,-10.126972,-34.60715
1030729552203780096,-18.052975,-27.56951
1228198740900335616,-17.97719,-27.572708
1024436205676441600,-7.004602,-19.170511
1209036309300461568,-18.86167,-27.157202
1401914922191282176,-18.887548,-27.033789
1591251585039200256,-7.5098443,-26.916908
1081809019795603456,-22.18395,-31.969912
1402071953144958976,-18.791191,-27.056656
1066744941456056320,-18.913754,-27.102
1191659229230182400,-11.105742,-21.06591
1443154393957195776,-10.598354,-36.31144
1470288853192474624,-9.4623995,-35.328148
1323248398619598848,-9.216895,-34.590916
951345251065483264,-9.461216,-35.36543
1037896894449807360,-13.609731,-34.982967
1206726167699447808,-11.064453,-35.99498
1121952808504082432,-22.55846,-32.73707
1372527356082507776,-9.519465,-34.464687
1578962560099262464,-22.57646,-32.877937
1617067232859869184,-2.0604024,-24.437086
1404268595467223040,-8.973758,-34.804855
1341991417279160320,-5.906686,-20.508629
1369146387845144576,-9.708933,-34.955513
1127827668459692032,-9.735139,-34.5066
1080457179975778304,-9.64807,-34.741676
1585553923681841152,-10.940956,-36.038067
1199735773878194176,-2.074299,-24.470558
1110,-6.959135,-19.193342
1323271056006529024,-18.751293,-27.208801
1310474511226363904,-10.6816435,-36.144848
1402064890659303424,-18.670187,-26.780596
1081637413299363840,-9.756744,-34.613785
1176533770942517248,-10.485269,-36.316406
1160384084522033152,-9.568996,-34.68164
1060537967223283712,-5.9443192,-20.503185
1188441075242528768,-18.874561,-26.768326
6233,-22.528965,-31.848171
1567121998805671936,-22.561365,-32.78612
1072038611217870848,-9.185984,-35.579865
1060499286844284928,-18.456848,-26.765057
1302432484180971520,-22.358995,-32.00926
1072039223800164352,-9.3451605,-34.425972
6296,-2.0879781,-24.48521
1590018567452618752,-7.526929,-26.937035
1627940359110217728,-11.090898,-21.02484
992226196848656384,-22.067606,-32.055305
1263810662263775232,-9.123337,-34.973305
1180415734578958336,-9.684421,-34.842274
1081811263995715584,-22.176683,-31.987528
1048112043180859392,-18.101465,-27.563921
1196312600058957824,-9.877799,-34.644012
957556612184141824,-18.13803,-27.596481
1401819818322972672,-9.702992,-35.173306
1066993917677715456,-11.09607,-21.076578
1059478814265212928,-18.64291,-26.988441
991927882957733888,-18.682573,-26.804716
1302792030967648256,-9.470551,-35.002792
1301807038905012224,-11.08768,-21.041224
1401825685374943232,-10.11609,-34.76906
991936356810780672,-22.112892,-31.934347
1401923371251978240,-18.978674,-27.179625
1248413807400599552,-22.022758,-32.01766
1501680651345895424,-9.667865,-35.093872
992241932434436096,-18.600986,-26.791147
1302796774704500736,-21.983957,-32.020424
1107897397390303232,-10.5933695,-36.079235
989404559010701312,-11.099314,-21.057634
4720,-22.243797,-32.043266
1401835896349315072,-9.423203,-35.286415
1617817441063759872,-17.978886,-27.621317
1302896556647206912,-18.554804,-26.97918
1081952132535099392,-18.684126,-26.75077
951331732907577344,-18.026169,-27.589008
486,-10.821082,-36.33208
1302819598471090176,-11.078823,-21.03617
1327435207198527488,-10.703615,-36.01252
992369505520988160,-9.881829,-34.950893
1065,-21.970581,-32.04385
6314,18.623669,-18.455866
69,-13.624597,-34.988026
1485962776210837504,18.046455,-16.039011
1045113386030510080,17.731916,-21.241028
1324225848618991616,18.718493,-20.648237
6212,15.919835,-19.657606
1225423541779976192,16.22638,-16.712248
1209675803242471424,18.885778,-18.443268
1548487703938191360,19.229301,-18.504564
1454596891672940544,17.520296,-16.664198
1045134383324504064,17.690725,-18.088593
1548483869123792896,15.022734,-19.220863
1309698451568189440,18.733994,-19.673317
1548486612806787072,18.049177,-16.832066
1577195222018433024,18.157608,-17.26315
957549659718406144,17.574255,-21.042425
1591794010656731136,20.125496,-19.89262
5,17.138483,-22.276999
1577185284332326912,15.868829,-16.808723
929599253789392896,19.881195,-18.084524
6187,17.956343,-18.931728
6229,17.71039,-18.4808
1577197079017156608,19.013983,-20.834116
6179,18.152899,-19.118235
1326430373448151040,17.489714,-18.787567
1314908203780988928,15.470274,-20.889578
5848,15.123769,-20.63132
1121976038551928832,16.075626,-22.17817
1107921846374195200,17.430658,-20.00247
1107903868073107456,17.142067,-18.286695
1059385952739553280,19.399502,-18.51246
3,17.77802,-5.238322
1477661736286928896,15.600895,-18.504799
1341588492623028224,18.664932,-19.65548
1309700581871968256,16.51355,-19.006367
1042407702481235968,14.282661,-20.150446
1591785931999408128,17.145039,-22.160742
1550798194672234496,15.911091,-19.314898
6175,17.429646,-19.78279
6183,17.366749,-18.722515
6136,16.743267,-17.990786
1173961108571303936,15.807018,-19.027334
1195695466677178368,15.780587,-16.830515
1598917794526392320,19.211893,-20.774326
1548497144519577600,20.572533,-20.16134
1591779372812587008,17.61489,-17.409483
929599722913906688,19.419712,-22.698202
1548479406958960640,18.8075,-18.049377
1551491112902959104,15.575416,-18.468998
1176509413583196160,17.57264,-19.472431
1633780442971332608,13.999083,-19.613083
2,17.798681,-5.2586265
1117229406095290368,17.533115,-17.925604
1548474655894650880,17.190037,-21.26292
1548495634159104000,17.478773,-17.395138
929449798251425792,17.57423,-21.078524
1597482555430141952,20.487766,-19.025913
1323252863078719488,20.205217,-19.894682
932425751340953600,18.78373,-19.042973
1557942793258459136,18.441277,-22.502657
1314916463124733952,16.324297,-20.896528
1548490013447811072,15.411407,-20.495768
1309691657319997440,17.048244,-16.387608
1550782667685986304,16.084032,-17.611723
6329,16.61575,-20.071596
936950710818451456,19.288984,-19.605335
1454029784124428288,19.43762,-21.482399
1489551016919367680,19.783405,-18.497286
1550788511626526720,17.453894,-19.79623
991668010194337792,17.08086,-22.619444
1045122737822674944,17.94796,-20.837225
1548468978749001728,18.388012,-17.786373
1107919816071012352,14.810577,-18.543312
991674936495980544,18.856943,-21.601927
1371278222272761856,16.34957,-19.47078
1182936903962087424,17.409393,-18.267206
1578312865047777280,16.890778,-20.206606
1341591836376702976,20.175585,-19.836887
1550779732637872128,17.342978,-17.45418
1209664008272420864,18.941916,-17.572475
1058779081318100992,19.730268,-17.78307
1550786106679721984,17.990255,-21.910843
1314919489696751616,16.848124,-21.04315
1548501014603882496,19.10136,-21.002449
1327240836725501952,15.381575,-17.857527
1697260400746143744,17.18178,-15.838684
1273433976087961600,16.478289,-20.374529
1493038624793767936,16.823269,-17.00764
1314896212974690304,19.608097,-16.386347
1477585245301751808,16.648687,-18.331347
1548499536602456064,14.668452,-18.274782
1548493833993175040,19.4483,-21.099356
1045131407113498624,16.156538,-17.931364
172,26.962389,1.6548856
173,26.955881,1.6616035
1023939851086770176,-6.4457097,5.4145303
1594898001611501568,-15.036976,8.738334
1349942176378642432,28.288212,-16.38924
1386511516648341504,-13.508545,10.892848
1193801058805510144,-15.372615,21.23906
1639460214027743232,-16.420311,15.7908125
1120214807990104064,0.7390507,18.48221
1577124450923048960,27.4572,-14.158528
3788,-0.44823268,14.992189
1040,-5.62957,14.110174
992232460366397440,-8.006366,3.8298805
1177157190751326208,27.403553,-20.685642
1242739687110877184,-14.891439,8.523156
1595736921270177792,-14.50558,12.546349
1531201696343511040,35.32827,-10.116271
1255705227937476608,39.24273,-10.390928
1425819739138056192,-13.582421,1.7084255
1176478203725189120,-6.9086432,18.558697
1310396092115443712,7.2712817,16.09494
1060427865191391232,-4.366829,21.000072
1280187226234605568,-8.9492445,14.63379
1411618163244494848,-13.714537,1.5687143
1057801641091432448,23.417038,-13.177448
1637308200750362624,-4.9188857,18.6307
1271796065361911808,-3.5371037,-8.927944
1334120809290838016,-15.020475,-0.89753616
1060527118563713024,-25.162382,8.552393
1199647405341306880,37.12266,-7.8325014
1052348736608182272,-1.0932279,8.961799
1003,0.29313785,5.1776795
921168030775152640,-7.5702353,11.142219
1010002152159784960,27.069105,-10.613047
1241181921674141696,-10.867687,-10.155544
988,-4.0312877,5.889656
1627951109807624192,3.5177805,3.3782125
1447748799295524864,-6.9847546,-0.09551692
1081481063718125568,-9.5382805,14.014152
1510909408522149888,-6.614402,5.989987
6404,9.3711,12.316005
3594,29.321154,-23.609856
1050569243174412288,1.4254149,13.430042
1529828027876757504,-13.022135,8.619175
1531196827566063616,28.527021,-16.272467
1485836557100257280,34.291573,-24.702223
1637308200758751233,-8.992026,4.9315434
1012,-0.19513804,10.225778
1533725252835049472,36.962986,-11.911717
1058208856214368256,-1.6848909,2.4641593
1302171362203123712,4.959818,15.685881
1058059330665086976,-4.7151423,16.628237
1271748751540797440,-6.8331213,8.477914
1350354155157852160,28.818853,-25.715878
1127927630124130304,34.677876,-15.8021
1271747452279644160,2.1253254,15.651209
478,34.106655,-21.995672
1369510726619947008,33.362877,-13.128218
1030720027253968896,-0.7002466,5.507893
1363686766195081216,-21.83883,21.946447
1060180931302146048,-12.343079,21.325302
1390947478490071040,25.785593,-16.21024
1193801827663376384,-10.8348465,15.149536
10596,-5.8230042,4.0300283
1506444920754552832,28.98288,-15.013878
1271747967726043136,2.5078757,16.070068
1495008928982183936,-4.9361815,3.3115401
1579463834263609344,-7.090648,3.1374161
1300371074366132224,-10.772961,7.1841297
1280185470238904320,31.511148,-10.308721
1451954950540783616,21.103716,-22.917707
1174669724697989120,-20.653528,22.880173
1020572597527740416,-16.808756,-3.6120691
1340355001375604736,19.096525,-12.568183
1004631582366400512,-19.650747,18.898287
1506432290635661312,-14.590751,1.2626971
1521093429185052672,26.521822,-11.16999
1081827327840288768,-19.321453,13.641452
1052479324409352192,26.188175,-17.929157
1574969820577984512,-1.2658042,9.500181
1176772041631043584,-5.98114,20.167572
1387235209611722752,-4.6649303,7.407728
1318936938914189312,-15.8978,5.4283853
1329004110887383040,-17.512152,22.038525
1081219793341317120,-14.525894,6.0011983
1187912414198263808,-5.566096,14.127966
981432476934344704,-12.365816,-1.2183154
1510907835922612224,-12.500385,2.8142843
1080039285236301824,3.1531608,8.607891
1317643500100898816,-17.20788,0.56054723
1060530307891503104,-24.332659,20.741528
1338014088636743680,0.8489472,11.3067255
1411617267613794304,0.5497818,9.043572
1579463834259415041,-18.519455,-0.15986435
1506440811189387264,19.318241,-14.018342
1081,-14.389028,13.602973
1176481015267823616,-10.792091,6.5017395
1506441727963578368,20.796688,-17.07724
6392,3.2418597,21.100912
1188865957369667584,34.098454,-10.736987
1510908304921296896,-3.7738974,-3.5028422
937941411987910656,31.344261,-7.835461
1249508502151016448,23.26825,-9.587039
1081952640624689152,5.5754786,9.861575
1060535112936497152,-11.061903,8.117469
1639545267047006208,-2.5090911,6.0382495
1168856694479695872,-11.696814,14.3667345
972310089981628416,3.4390402,7.2215295
1209038114004606976,-19.862206,4.8601923
968012673597300736,-7.534698,0.88648885
1180355305106329600,-20.094225,-5.8569217
479,29.167524,-18.003271
1427298872737394688,29.917036,-10.142657
1058208763943874560,-2.5710752,3.9945736
1190195641919397888,-12.139522,5.012929
957282261752868864,-17.367191,-6.9412956
1345728880048414720,32.854546,-18.362572
1319199872181456896,38.73939,-16.118458
957280289552338944,37.686287,-8.126158
1003266626865758208,-3.7499862,9.956638
1529829170786844672,5.9896474,13.57211
929920840480698368,36.33885,-14.275612
1024469167491039232,38.396896,-21.514101
1398461080798728192,-11.98687,0.053985946
1172037796567986176,-15.748698,23.370834
1510914249328627712,-8.162791,7.373711
951033521680642048,-5.2762403,-1.6979817
1582633554491998208,-8.383795,21.707169
1443167319631896576,29.11022,-13.625886
925687457326956544,26.774485,-7.995643
1506436700645638144,30.081688,-15.678525
982842784840155136,6.956982,17.173685
5008,-12.222121,13.858784
1003263684787994624,30.833488,-10.889937
1177964976386363392,-0.98794085,4.5033903
1024470205950377984,35.212894,-16.203634
1058981492993323008,-3.1379662,7.8885117
1024095446142074880,-7.0798597,13.797836
1585101701170212864,1.5317434,13.376752
1198855814573887488,27.117216,-12.827811
1346064837498634240,3.6054742,16.114208
1371375333827469312,4.771328,7.5929174
1599668315247869952,-22.369408,1.2861601
1127780583605641216,-13.740954,11.674552
1059004891144683520,-7.5465136,6.2276297
4377,-18.660532,14.57928
1081459705466519552,-6.9867573,13.122531
981433177555075072,-13.491767,8.427089
1059375949181906944,-0.37269086,5.124514
5909,-14.073608,3.9057696
1380145026048172032,24.861498,-14.474622
1048888566225739776,-12.681827,8.154728
1531481690080788480,34.312702,-24.598349
6007,35.93671,-8.536488
1608086576536743936,-2.708557,6.023999
1040809429582278656,-2.463584,-6.335675
1180377326812942336,-11.0031395,-6.972541
1072,-24.0105,2.4840634
1477258916509921280,-19.932505,17.276608
1363690004726251520,-16.97862,-3.6422918
1039010859574087680,-15.166578,-4.3444185
1081939923448823808,-9.290064,22.554417
1223749813249658880,-19.03948,11.430139
6856,-2.430031,-1.3068855
1003263400720367616,-10.466506,9.183455
1223878486707556352,-5.470521,4.1263213
1013688398295629824,0.26706898,24.452335
6006,31.181213,-17.191301
1120854675946622976,-2.091236,15.714262
1579463834255220736,-10.3149395,2.4145136
6401,-8.774901,16.65485
1280187988113133568,5.184032,-1.5869383
1060179838665007104,5.603677,23.564058
1058952313815990272,-12.443414,15.2566395
1346041399182622720,34.39689,-7.052659
904935998372864000,-1.7398633,15.644069
1500517059067027456,-9.241205,-0.1815259
1764,-17.683142,5.464657
1178468482612482048,-13.635407,-0.49978805
1300373715297062912,32.768295,-8.52963
1386585396301791232,38.180122,-14.313862
1503307243058769920,-11.382515,18.146135
1004630271520563200,11.33728,5.5174437
1300366710385758208,-17.262993,8.819938
1617860959127818240,0.3012118,3.3649447
968009974235521024,-17.046188,2.2149565
1227594932566511616,-8.797373,0.8743795
1300414035967692800,-10.492251,11.178527
1050572293532340224,2.7007856,11.089941
921272767021432832,-8.705939,9.013608
1386504910398259200,-10.689825,14.588027
1447751823564972032,-6.5511584,8.417695
1188883942675226624,27.959375,-13.149987
1127926030747934720,-4.892272,-5.1855555
1376166145410211840,30.950758,-16.122988
1127936181022334976,-12.251576,2.6600788
1498265820655960064,29.513664,-23.677721
1176532440857415680,-9.021806,19.813313
1608088732862005248,-18.645184,9.747119
1060190752948658176,8.663249,11.651938
1372640350435176448,5.6833243,10.69118
1124889145062506496,-19.879545,-1.7224244
1039329663859617792,26.453737,-21.879025
1223528922771247104,-1.5147731,14.234618
1003266880054919168,-21.437206,-1.0965904
1052466740465541120,-6.456386,1.5117135
1443098337411391488,36.823826,-14.005624
1013693145979322368,-3.5370595,16.100267
1443158254373609472,29.247189,-16.75468
1003266140787867648,0.6000329,8.38592
1214608294877282304,-9.387231,5.548523
1508657798840528896,-18.373026,23.758389
1583789736325947392,-15.105048,12.909464
1544515952300515328,30.246109,-17.151001
1253233463609970688,-6.4083996,11.287617
1060189466064887808,-7.7547617,7.284772
1068358187317379072,1.4613827,11.765993
1037902452582088704,-15.920832,5.259713
1340369853405753344,36.98801,-15.632079
1177247782831362048,31.77378,-12.944673
1386523214739374080,32.92656,-11.852831
1058059000707579904,-10.84403,14.559471
1039331487765286912,27.241533,-17.99108
6933,-9.654759,-3.2740688
1386507735244210176,-1.7948097,7.695609
1449621127265312768,-8.33119,5.34813
1574965500562305024,-6.23632,17.595667
1639463194797969408,30.147753,-19.558466
951033139365634048,-17.001772,-0.37541816
1529840578865889280,-2.899693,13.936839
1637308200758751232,-3.2357473,8.820392
3833,-6.2713556,-0.92494404
2875,-12.982724,-5.390401
1178293537173426176,-4.5229697,20.89133
1086,-13.664088,15.317748
1052766231592738816,-23.910347,12.501889
1024836741059883008,-0.45356724,25.582747
1059088695028908032,-19.388597,4.87597
6185,-12.832409,12.698556
1627952411216269312,-5.839095,-2.6388168
1627945279469219840,8.791614,20.537989
1081940546193915904,2.3666499,19.924482
1141341477800730624,22.846914,-24.084234
1444652660377325568,36.461216,-22.813625
1127936574867480576,-13.369534,12.392836
1269999410140594176,-10.110706,10.146917
1363690468045848576,35.41228,-21.6494
957272793774288896,0.61286277,-4.7922087
1474584496184111104,-17.988724,6.8219285
1003264412449415168,8.267388,2.0544534
1311141305544990720,-7.8943777,12.810267
1109488582035886080,28.186089,-18.730803
1502567468514402304,4.026753,-2.5530663
1370725388216954880,32.84106,-9.364977
1322833669459755008,-8.750216,11.48262
1023946296180129792,27.491026,-11.651383
1446743324828299264,29.069462,-9.63443
480,-6.9877825,-5.4234357
1529828302947581952,38.29489,-19.817177
1567731480703205376,-12.592135,11.077221
985859387332960256,-22.147108,8.78312
6134,23.81403,-14.5412655
1309331134254538752,28.604383,-22.749607
1055690946350710784,-0.354244,14.217601
475,33.29677,-4.9432364
1124815294727241728,-13.420443,7.2135377
1333733993232510976,-8.084004,-4.3570642
1003283539075424256,-8.897936,14.957152
1590588010364788736,29.723513,-13.856707
1452944964233883648,-22.142874,16.651798
6826,31.580048,-14.207133
1349932618654523392,27.725912,-15.198473
6177,-11.661017,10.164398
1600647121135747072,-16.822319,6.2376184
1060185842932793344,-12.914368,2.0435824
1088644693307883520,24.284992,-16.283422
1176901220322217984,-16.782843,15.966421
1577506517565448192,-3.2255492,22.45115
1059163559643344896,-6.156906,5.9559207
1280188748553048064,-4.166134,11.154931
1617854657106358272,-10.745738,10.748347
1637308200762945538,2.0580494,15.521206
1578972357892730880,27.54252,-22.85218
937923876924084224,24.964417,-16.823483
1475757282461523968,-6.9513607,3.83012
1040811984529977344,-15.567486,14.815812
1248420799175110656,0.19466905,-3.6866136
1101134566825472000,-11.960447,9.557815
1141344843205402624,30.578487,-13.019071
952120800952147968,24.91266,-13.440057
1127780290809667584,-10.544705,14.459117
1442513231004782592,32.26438,-7.583523
1187478638305505280,-23.729956,-2.2864003
1573130085643694080,-10.119193,8.291306
1701115978840051712,38.00698,-20.067936
957281807417470976,-1.7403109,10.12972
1506436267515260928,35.80071,-11.437418
1301871427595096064,0.18811722,2.081044
951032338228400128,-14.595928,-6.3926234
1300373354729525248,30.342785,-14.442598
1127824656437714944,-24.924896,9.987042
1432158270321000448,-11.520479,23.546629
1639457735848398848,-8.8353815,-0.54485655
1030721260010250240,29.086044,-13.514675
1271745875326197760,2.0591493,10.185351
1309357996884221952,32.22206,-15.970176
1024836455884963840,-1.4743091,6.581012
1059130989077626880,-5.450797,0.32656813
1072037025435414528,-7.3471746,0.7423955
2880,-0.5120208,5.2570677
1051214068357844992,-15.385484,-1.4291602
1506255810056175616,-7.104168,17.118675
1240930810589487104,-5.0841913,6.549147
1510522990864830464,5.1930685,-3.9084096
1084,-3.83935,1.5559673
1033700637367320576,-1.4574594,12.943014
1529829580062838784,-1.274077,6.374983
1453194287290454016,-9.461401,22.459229
953325016316899328,-9.919287,-1.2390459
1177058933803028480,-5.744461,-7.2108774
1016963523451637760,-5.695463,9.423756
1502568370116796416,-16.324137,14.942866
1617861765851865088,-7.989659,2.7068434
1437251048681222144,-18.592018,16.115616
1248426414320795648,-1.8171626,-3.0204022
1052476671667261440,33.51332,-19.534292
1280184811980632064,25.228733,-15.205192
957276515563737088,24.919052,-15.699171
1350289357825114112,-10.528313,18.736338
1059157212809949184,-20.97537,4.001368
1430102433632780288,30.990088,-9.633374
1214610007789084672,-1.6104829,7.3674464
6308,23.686188,-19.280174
1030724445571551232,26.727715,-13.916431
1035220560086286336,-3.9841936,8.698404
1004627865961390080,26.741425,-11.314974
1037,-23.824902,11.046792
1077762980795789312,26.481352,-17.353867
1124822899751174144,-14.586855,9.257998
1227776950407417856,33.533455,-12.696437
1506436021998862336,27.152252,-20.191635
2625,-17.240679,8.919199
4375,-0.72384095,8.247461
1180414630139023360,-12.358862,-2.1131668
1124818456750112768,-0.3978047,-1.8829036
1378922457282224128,-4.59174,22.50712
1206927786903019520,35.662987,-15.5901785
1533736783220015104,5.227002,10.978673
1271757610296729600,-22.608105,18.31631
3597,0.98759407,20.996414
7280,-7.076439,22.346207
1637308200758751236,-7.3146157,18.58066
1577508656454955008,-24.64063,4.732117
7269,32.43162,-26.15973
1493953429340225536,33.83514,-13.548412
1060480350081794048,-8.550712,-6.273348
1176800876267278336,-0.33453873,6.537232
1506255121143054336,-1.2287493,20.167246
906078807347994624,-13.191078,6.0097723
1345849064343732224,-14.150884,15.900438
1411617678620114944,-1.3770297,11.584177
5188,-2.5414782,13.816553
1192469657678024704,-12.138008,2.464526
1141522736984317952,26.312397,-5.876934
1271761343256641536,-3.2374086,4.2675185
1338676277949001728,-0.078361064,9.433152
1269995036756598784,-8.881168,9.679376
1477260202584190976,-5.531322,28.4431
1060184587506327552,2.5951931,9.181293
1506113186821246976,-16.09159,-2.3165095
1594243116926885888,-0.83309567,17.269035
981433783233540096,-10.749599,12.702916
1030718388409384960,-5.7318006,4.01688
1177162853854449664,39.910126,-18.278543
1453196384928993280,5.6704607,18.588472
1003277861686509568,1.8312383,8.1296
1037894662950064128,-13.556858,15.23123
1617858019679883264,-7.375989,8.482213
1335845689978601472,30.377026,-21.848866
1177184816773697536,30.045347,-21.316454
1259384550880006144,-16.922949,4.678211
1127824959421652992,4.2936153,13.246936
1318871866133041152,21.30951,-10.327515
1316395221065256960,-14.572646,0.17577533
1003447215187197952,31.460995,-21.621159
1016364807229353984,-7.970989,-2.8014648
568,28.788103,-14.928749
1177862051492286464,-14.753768,-8.271113
1350330230698409984,24.649164,-21.418633
4788,-17.41651,-1.3815163
1280185750913339392,9.413234,12.406966
1309059291467603968,-8.807969,7.1967654
1049650867660828672,33.955566,-17.223597
1176300501986676736,27.168324,-11.16712
1459551215243980800,23.803522,-9.506815
1506440079160393728,30.906523,-14.0655365
1506431618104180736,4.405663,4.042099
991671714628792320,-1.9476835,3.419017
1302169571205955584,36.056545,-16.801046
1303509903168065536,25.728788,-12.478299
1003264659586195456,-2.6791213,24.19703
1127928993629446144,35.06901,-17.410921
1060479883461279744,-4.3163977,23.873848
5861,1.3996371,-2.2453387
1030718181487591424,-5.4023705,21.129408
598,4.4997306,23.686043
1055692931510595584,-23.77497,9.990254
1209112519938359296,-6.8941875,5.162783
1533737134627209216,-15.011899,0.587176
1072036149710876672,-29.04386,6.692112
907630823161606144,30.003689,-9.05192
1548481145481183232,28.715588,-5.332861
1309056955659706368,26.900723,-12.014427
1041645211312525312,0.9933127,10.577448
1529827356146384896,-5.6223874,12.799031
1414986758304727040,-4.337643,15.949005
1340346632573108224,24.327219,-13.219114
1544513530291273728,30.424925,-21.078724
1014401755743334400,2.5069706,-4.664201
1506432079620227072,-3.7345052,17.286762
4803,33.004135,-11.893212
1593502935823278080,-12.699787,4.568659
1090059945408282624,-3.0802379,13.716773
1188857465036513280,31.425184,-17.560465
3786,-5.231173,7.288498
6139,-2.5562131,11.005479
1178292771108966400,-9.661781,3.7233784
1039330481203630080,31.84961,-8.787535
1037915457076162560,-15.409922,8.857215
1529836056407937024,-0.9351105,12.438894
1363685566594777088,-10.097062,0.6066563
1645701396311953408,27.15217,-16.993694
1040229584443854848,26.407993,-25.219584
1491976520243625984,-20.12471,-5.911395
6131,27.61614,-18.700937
1059118264125521920,2.8588812,5.212505
1003283767165886464,-2.5402832,-0.110154234
1040223622655954944,33.221825,-23.070927
1230333884834664448,-20.516027,16.78093
1025217035977928704,32.589306,-13.878417
1430104192786792448,6.869579,-3.2221859
1576807602004303872,31.513987,-19.964315
1030720806287220736,32.1383,-19.560263
1178293685244940288,-14.857307,8.719522
1351352526980513792,28.237095,-20.359045
965226734617616384,-14.272538,16.300894
1180767981124997120,29.172325,-12.087597
6932,7.5943546,13.756448
1009986342154174464,-9.615377,4.5681777
1271756479457837056,-17.938478,8.459129
1569182963470635008,-11.362415,11.450122
1177053591786459136,-10.745945,6.1217995
1579463834267803648,-4.902627,-0.09680405
1300371449177526272,-23.492155,2.402145
1010,-10.096954,0.5793347
1223879130948456448,-2.2348616,18.52877
1124819452406579200,-10.480755,15.908618
1510914078858903552,-15.482493,18.862051
3785,-1.1474419,-3.5362284
1437376360949927936,37.340565,-18.342243
1055012767315099648,-15.698427,0.5219995
1577204053570097152,25.468529,-19.219543
1180414946565705728,-14.304853,3.2320206
6403,-13.593181,3.4262428
6254,-12.105136,6.635141
1599669246593069056,-0.1299919,12.701184
1271807341685301248,-7.749236,10.653607
1223825034002452480,29.044632,-10.831083
1190354726534946816,-7.5143123,20.459974
1364853289500639232,-1.146236,17.271677
1590587294317404160,23.337505,-18.286507
1088650771831652352,37.102715,-13.63194
6088,-14.854771,3.597059
2878,-0.48397553,1.0669844
1016481851408986112,-10.2400055,-2.5384996
1042678505554735104,-1.662406,15.490627
1568821062060470272,0.3248027,14.283838
1184411792204259328,22.512352,-19.904732
1510913378716319744,-13.959769,4.368678
1176514556085112832,29.974726,-16.968199
1177149604077473792,26.475866,-14.365161
1090091348309131264,27.861048,-14.212571
1487052395153534976,-7.1882343,12.171685
1060531116393906176,-13.740557,9.12766
1486247873786941440,26.563772,-15.694236
1121288437020966912,31.288427,-5.862256
1221416776612597760,-13.932049,-1.5179396
1593517289373298688,33.31568,-4.9665318
1077764942291415040,35.9967,-19.409306
1374352518515077120,4.3960524,5.0906115
1447750908879441920,-1.6535767,15.583221
1024469628503764992,35.28263,-17.30978
1227796850240802816,-23.048317,9.753157
1081475263012470784,-9.458176,-4.532636
1060223718676537344,-25.768547,1.0825036
1016363648586428416,-25.357939,14.098219
1058996020279799808,-7.049662,7.506677
1037903006280552448,-10.405468,1.5137305
1060529002586349568,-26.268541,7.1702538
1191233434506514432,-16.672352,6.0449476
1227777375747592192,36.934376,-19.725859
1254717637105741824,23.596087,-19.383821
1529830501056483328,-2.71056,26.764791
1060534837433638912,-6.67939,11.94496
1494890147900571648,-25.769632,1.089395
1081936532358234112,29.510176,-18.310526
907656866257842176,32.37017,-17.5536
1271744242957606912,-18.919888,1.9499383
5137,-5.8885055,1.1933267
1271760788366999552,34.182606,-14.882383
1529836668172353536,29.502684,-11.165441
1452020420220448768,26.035112,-12.994901
1180477356207001600,-6.3316617,-5.735101
1016363207110774784,-2.605626,16.58819
1565296306732199936,-2.215777,14.399068
6278,30.9712,-18.534018
1060803501932167168,-6.778797,7.240916
6827,-19.269808,10.919907
1060525512820539392,-14.965512,10.815407
1577511473240481792,-25.21403,10.04983
1497845736300220416,-3.7834597,19.247507
1003263125095874560,23.339447,-8.2499485
1506438703663562752,32.284893,-16.128075
1180320531444682752,-1.6931407,3.9368982
1599647471050162176,36.52445,-22.813555
1363687033334497280,-26.115082,-1.4039972
1207240010565623808,-0.023162546,16.037392
1177966060735582208,-15.1543665,15.36637
1060522989493698560,-6.435962,25.395536
1083352613207605248,39.47781,-12.402513
1107940357075066880,-12.9059515,13.61964
1477260725017755648,2.5705702,3.7340674
951330957225586688,-12.340618,17.47413
1059100995492278272,-6.4525137,5.3949523
1569173450185183232,-6.561993,25.664642
1506258039841767424,-17.84312,12.703637
909628097881538560,30.480347,-18.98556
1248417626322546688,4.732659,17.142529
1003265696996950016,-9.269524,2.530208
1030718638159204352,-17.428833,-3.6926353
4374,-12.51443,17.363268
1485932086456504320,27.734913,-6.8542333
6328,-18.331448,18.86371
1176756968837582848,27.130878,-17.201073
1477255614999625728,-19.672472,-3.3973577
1041642164180021248,-16.704142,7.6218743
1039339026447912960,33.41295,-14.731181
1255703506024681472,28.737366,-5.4025607
1494889555906867200,-5.4572663,19.923025
1637335707214102529,28.03477,-13.081588
1489184898446852096,-10.856885,1.0450063
1438498044507865088,20.521858,-15.962084
1599351781413613568,-19.982822,7.7793703
1206737215752044544,-5.7427616,20.343124
1489525206505828352,-21.475943,13.956104
1350334824233041920,30.478746,-15.182977
1427297837759328256,-0.38134304,14.157514
1188876448179593216,28.334814,-8.471818
1617847337592909824,-5.86424,10.879469
1250656236975570944,-10.096147,13.463871
2885,-7.93536,-1.8190783
1060186452570685440,-0.17758343,14.808519
1209113185809285120,-15.019322,9.888795
1506432549864550400,-9.788817,0.9823556
1037575161078124544,-6.709665,8.200958
1227791441492856832,5.039681,10.985578
1579463834263609348,-3.5940132,-0.90708923
1060534240714203136,-9.546782,15.855914
1586699874131804160,-3.3627868,6.771264
1328913928502759424,-5.4101496,-1.6723894
1023937141297954816,-2.6351035,21.68143
6367,-20.714293,4.2206755
1427202625724657664,27.307304,-12.969095
1068347894705078272,-13.319328,7.1240463
1035207308710248448,-19.87283,-1.7377349
3449,31.91391,-24.214968
1259376579508793344,-11.767076,18.618715
1090096261231624192,-14.196851,5.473414
3787,-13.205985,-1.4025762
1533765411630710784,28.613735,-16.22378
1584815364139532288,26.04219,-8.979096
1003274021113339904,-3.969616,11.617873
2884,-13.620773,21.90097
1127780086131826688,-22.949966,8.556825
1665207293866393600,-20.961998,1.9189677
1608083472483352576,1.8847784,6.8383327
1178228521262927872,-4.6960206,11.313872
1506434762231267328,-0.53786105,-0.29124743
949538083425185792,-13.8945,-8.448838
1310394864639795200,4.8876038,0.72419995
926298995926630400,-4.3764114,6.0012703
1040224324488843264,34.947178,-13.60064
1494894802176376832,-15.381648,8.18843
1300368504151166976,-12.648258,-8.535738
1067077575541440512,-9.045192,1.9196122
1597429660915585024,21.112986,-10.093708
1180382185733771264,-10.110651,6.45163
1000,-19.484024,20.685469
1051213534448099328,-10.933452,2.6821382
1060524238066696192,-16.394356,-0.4973702
1403323578279960576,-11.741102,8.832706
1060526576974209024,-8.250273,21.575184
1350343071730503680,28.464327,-14.193561
1207236884827676672,-1.3272115,0.049499996
1060523773350395904,-10.085476,3.6407301
6230,-16.96417,11.141204
1310475213755506688,-6.8973365,17.113018
6231,8.956505,0.19217163
1574295922383630336,26.310738,-5.7885604
1037903854993768448,9.17673,17.194328
1230331567817248768,-6.66926,-4.1695466
1506438360835047424,34.269974,-20.942753
1127922464142499840,-5.488659,5.9762697
1500521242469253120,-15.862008,10.667643
1500516346446389248,30.66938,-11.301165
1584804672011386880,29.69633,-16.675833
6335,-6.5997014,-8.543264
1340869798496124928,-9.065082,7.938722
1345730302240432128,23.13906,-16.692638
1176691044709273600,34.669052,-6.864476
4719,-19.064634,-8.295581
1617858645923033088,-11.043019,17.017048
951274358578569216,-17.326847,14.291466
4369,0.579924,-5.883483
7263,25.612232,-19.273817
951330000509030400,-1.6925716,-7.3133516
912908145137102848,-16.994986,12.464647
1351353525340712960,35.91767,-11.374889
1193086155635462144,24.235008,-18.15632
1310403226743988224,-6.421944,6.763226
1398465996929863680,-7.5180125,15.647398
1579463834263609349,29.938711,-11.622529
4378,-21.04231,10.739209
5862,-8.797999,1.666769
1585088744067579904,24.216515,-15.516768
1500519304788885504,-2.0400543,9.810332
1118062312341667840,-4.063937,10.771121
1340872738535141376,-24.731136,3.8677711
6252,4.612191,-9.049528
1595668377002094592,33.583633,-15.208927
1037916062985318400,-22.792215,10.09326
1013694874296811520,8.795343,7.603207
1080,-0.2933727,16.244284
1233928285055004672,1.2792487,7.436081
1176363943921684480,-15.425685,14.673118
1309139185115455488,-12.545696,-3.161242
1021677810980532224,-5.6127753,12.522211
1060480925435469824,-7.9187684,9.137564
1182964568119070720,38.11367,-16.863607
1568899575866191872,30.795908,-17.757896
6400,-7.030374,7.2292624
1315854087570120704,-6.991246,3.0981553
991,-10.697909,12.706377
1476027033795493888,-3.6135929,17.443127
1579389548597338113,-3.969239,4.8930416
1067962972907683840,-7.368339,15.364819
1127823623716184064,0.5938091,-4.7776003
1289,-8.823497,-8.977729
1631779753378275328,-6.379367,10.431735
1335514277941112832,38.54233,-18.491621
1577507857712680960,-22.597527,9.004902
1055692330965954560,-9.347489,18.283552
1124822340675616768,-14.515019,18.291058
1449536330396184576,0.116585806,12.591815
1665200925881122816,-8.628867,6.2606816
1059372522896916480,-3.8853846,8.902608
1023936109230731264,-5.9097786,10.162431
1127923840729849856,-10.07246,7.6512165
1177071423135911936,0.029807873,9.613999
949537131196534784,29.92334,-8.773058
1529827074209464320,-1.7081549,-4.7170906
1300370181126180864,-15.871754,11.219551
1037912760470048768,-4.9765763,18.578339
1450100265520582656,30.032906,-8.922101
1476448125758091264,33.363796,-14.086687
1030720709646262272,31.662891,-14.685333
1565903391828279296,26.957907,-8.350859
951275161682931712,6.145937,10.938118
921527381004238848,28.276178,-11.996058
1176474450791993344,-6.8766437,-3.6852615
1081209300568440832,-13.552128,19.42927
1060529852830466048,-17.158974,-4.480974
1494893215282429952,-20.017351,8.855558
957281058495131648,26.164639,-19.005508
1016364285566996480,-4.6706204,19.908514
1599354871172820992,-22.14556,2.7681518
1090087920614850560,39.404152,-11.290703
1127932903433805824,-5.016523,10.107799
1489506109626318848,-6.372609,1.6586596
1506442026516951040,26.847692,-19.648958
1037574918823608320,-10.270499,3.5010664
1280186748486586368,-9.088952,9.111643
6330,7.5367007,9.1396
1585535365241401344,1.3233747,13.408091
5012,24.691618,-24.43499
1579389548597338112,-16.07144,19.199902
1397202610375884800,-12.412891,8.390988
1506430770856083456,-3.4040866,14.844961
1386503171926360064,-14.58344,11.680754
1255702831664476160,-18.087067,-1.909607
1227776617656504320,34.596153,-19.209898
1340356908349472768,30.396368,-18.051672
1309717605629157376,30.079853,-21.316742
1582048498534842368,30.218575,-12.74697
1127828614271049728,1.359215,3.9608343
1350249335033954304,-20.64623,6.109169
1459537654538420224,-3.9410367,0.29321957
1637308200758751235,-3.1714766,5.6477246
10574,30.780634,-15.174479
1485966324614582272,32.981068,-20.763252
951037528910290944,-3.994759,-7.443527
1584812874161598464,-11.604002,17.88196
3065,-10.94263,7.194004
1208263326600470528,-21.52124,-1.1532761
1077441041703251968,-12.92714,-5.1992135
1188879130873217024,36.965088,-13.988748
1067076865227677696,-0.15099189,9.722388
1367485807413432320,27.878239,-22.816685
1177970807332950016,0.5549634,-1.4290984
1600644337409716224,39.849342,-16.768286
1141334463389327360,26.647644,-13.717445
10598,30.630844,-15.189519
1629321853812699136,21.414055,-12.696423
1090275740205846528,35.285976,-15.620119
1186053499631144960,32.25522,-12.656381
1363688565060763648,-13.706216,7.538125
1178226639211614208,36.167088,-17.763916
1082224339777683456,-10.192571,0.41058737
4372,3.6322784,7.21296
1067078281103065088,-18.220615,3.7690809
1579390544073449472,-10.602257,8.657135
1127779522576752640,-11.995428,9.747015
1127776738863325184,4.7291937,8.96472
1626595964234575872,-12.704319,-3.1638763
1674342761770119168,27.924635,-21.492321
1127824027552161792,-14.428526,19.73944
6280,23.492634,-9.634859
1127924267831631872,1.1543195,1.8565383
1037903496053620736,-20.818022,8.343239
1529829372847427584,-5.7887664,14.237719
4026,38.302505,-17.447044
1127927027121627136,35.84071,-18.36296
1044,-6.896554,14.476955
6333,-3.6776068,6.959064
1037911231537184768,-5.166509,12.228906
1013689751940444160,-7.8740478,-0.5877982
968766335357587456,4.402449,14.545404
1568811127943655424,-20.807608,6.0332656
1259388647133761536,26.794008,-16.923588
1521090058155814912,33.01833,-15.242119
3582,25.498016,-14.134583
1009988504402087936,-12.717406,-0.20237926
1127780725943541760,-7.2254953,13.827267
1081466076828205056,-6.4634356,15.67529
567,31.521725,-7.5824924
1003653373567066112,-2.5830107,1.4996649
985859593373949952,3.2518198,17.75239
1033707508325138432,-6.5538907,12.689506
7144,26.565893,-15.561924
951268977039069184,-1.387953,13.263464
1300637231870464000,-7.449529,7.7473736
1364869280049758208,31.466856,-21.79251
1030718088990605312,-9.479011,8.888325
1049649897698664448,29.984344,-19.012785
1579389548597338114,-3.7794087,2.127991
972115906696187904,-14.042823,2.4326422
1223735408239726592,-11.30844,6.2086067
1235945194206298112,-2.8892128,18.947964
3450,-19.447931,13.666477
3834,10.602874,15.341461
992231661817065472,-12.340112,3.639821
1127823779106758656,3.636061,3.224099
1081443505390944256,-15.3102455,14.18886
926037287068893184,-7.5404205,6.180403
1060424991300427776,-7.722062,5.922563
1040810823219466240,-3.8271286,9.03148
3298,-10.466211,4.9933314
1584812171548569600,33.618332,-19.592495
1212175721609764864,-1.848347,3.5694072
6195,-16.050053,9.723123
1013686048785248256,-4.1218147,26.05677
1178284590311952384,33.186794,-16.684378
1208757585208352768,28.9399,-19.496634
1141337769461374976,32.513657,-20.126347
1459550190114242560,-10.916813,-1.6256335
1030717867954966528,-3.9037328,-1.3917198
1365919250567757824,31.591183,-16.441187
1023996176290328576,33.5399,-15.487049
6825,31.94432,-13.155068
1255798734786228224,-9.216872,25.601923
1127932409361571840,-0.4213191,23.055239
1529839289864011776,35.73598,-12.632607
6,-15.603182,18.966694
1006,-10.3338785,20.437681
1629320742632501248,34.42937,-20.21776
1176759070695591936,6.0729146,-0.6201696
981433489414164480,1.2937495,3.9586024
968012199078940672,2.3325393,6.4158506
1506440535760715776,27.339542,-9.4983425
1127928325334212608,39.70878,-9.269017
3452,32.50251,-12.18298
1307595893667987456,-6.4316416,11.828389
1009988245562884096,-5.32218,15.561888
1127925509530165248,-1.8143235,-2.9993143
1374537044063268864,3.8522413,-2.4916537
1599349022576603136,5.8908057,13.80928
1349949182900543488,31.779018,-14.842077
4830,-18.134205,8.641933
1271757025350705152,1.1975635,17.08207
981432184729759744,-8.094071,-6.4023633
1363684570384662528,-16.151955,-3.4994502
1567735481498804224,0.038105458,12.705152
1037911486106271744,-12.889059,4.400665
6253,7.348149,13.649726
1223823494806130688,35.07964,-15.008556
1187481072868290560,-2.3587673,20.280518
987,-12.058811,11.435885
993,33.303307,-16.92685
1665206977095790592,-15.053965,4.124488
1506254475283152896,-0.40094817,20.345549
937661468259315712,-4.627204,1.6192547
963417792224727040,-17.49588,11.49874
1090591322608398336,0.19437724,17.122837
1363685978576093184,-22.614046,16.739843
2879,2.7982295,4.6737847
981434307974524928,-12.5343075,-4.3943996
1510910483845226496,-2.4919455,11.079158
965059436640460800,31.816082,-14.87493
1447525640067747840,-12.801597,15.18689
992,-0.054805852,13.567033
6102,25.741335,-12.408396
597,-14.800598,17.977041
1510907552723206144,4.7400575,6.5184155
1487051793850236928,3.0761213,12.18394
1350288321728741376,-15.74712,5.572261
1447754095279710208,-5.6300764,20.604261
1652935463545757696,40.712955,-15.693188
1127923403918254080,-5.2803807,17.143766
1039013107498733568,-0.13800912,11.423947
5187,-17.584404,19.05531
957290296915251200,3.3474667,9.52674
1493521651005206528,10.825712,3.1135266
1578958239806754816,34.773697,-18.808697
1040227080180133888,40.328083,-14.152548
1040220768411111424,24.729265,-10.878454
1176738271888642048,27.819,-14.242715
937654213237469184,-16.368065,3.618261
2881,-17.602455,10.316142
1350253653570617344,2.085963,8.367606
1506435757522829312,35.964714,-8.506878
1617851330876497920,-9.079107,19.899677
1529837809794797568,33.890564,-16.753803
1372635864916455424,-6.6999536,9.554873
1253201990223851520,24.255453,-7.7399797
1024469351499345920,34.91562,-17.505219
1459540949244641280,-1.2911928,11.375799
1627952973718564864,-8.047479,-2.9932199
1081453980350619648,-2.8427045,7.940827
1177099681491554304,1.1420867,5.4576554
6315,-10.9744005,3.6685128
1585537556844929024,11.571607,10.786027
912907879725740032,-2.4658067,16.665886
1340876953165053952,-18.776947,9.981877
1060537426472615936,-0.16362287,24.371008
1398463363473383424,-9.954038,9.496927
477,27.79248,-15.167766
1386579100790915072,-19.96518,7.523013
1637335707214102528,25.615969,-12.01686
6398,-4.142478,15.827289
1025272952400424960,-23.713007,13.590551
989,-5.519845,28.313389
1427303865511047168,-23.430136,5.9544497
1340363836769255424,31.319983,-5.724361
1176533182636855296,31.965,-14.3878355
6129,-9.526323,15.81532
991667420013817856,-11.2481575,-5.191548
1197482407584231424,32.662647,-23.813486
1637288901662945280,5.2700214,-1.5610616
1502571153055277056,-6.0937843,-1.5520784
1255797599237132288,-1.9181811,21.242008
1127827156855267328,1.2822977,5.6785126
1056795481668354048,0.39044192,6.778255
1319212533883457536,-9.045969,3.266273
991666984582152192,-16.345411,13.625981
482,-10.098978,13.370364
1259374833269018624,3.4555888,8.50201
1561918336450572288,-1.5002985,8.419946
991674115364519936,-3.705488,0.9627945
1443105597609009152,-21.633604,12.450565
1506433685669490688,-2.4808083,1.2974073
1259377348375040000,9.791959,14.849634
1014401255329320960,-5.1979146,2.0152633
1082223860649762816,6.9117837,6.810528
1533766243151482880,-11.170325,12.269811
1627944783639572480,-13.152978,10.183901
1013690668622053376,-6.1036706,21.849463
1310401128216256512,-10.537415,23.489529
3835,6.452542,7.1436887
3420,0.52670753,-0.7289724
1569176859852345344,-12.274668,2.596668
1077,-9.922375,6.13763
6855,-14.897809,3.1016448
981431653911236608,-10.631458,-0.8828933
1033701188591140864,-12.113067,9.699013
1642755917625843712,31.241213,-12.559456
1127827412837834752,-7.7716436,18.832916
1617855466045005824,-12.683353,9.703745
1004631247098904576,11.174542,6.3931856
1779,-5.217239,-1.2732323
1003268913180876800,-18.970623,5.9138336
1144036688863649792,32.236034,-21.78964
1373278707116888064,-6.880355,8.74083
1248428068923158528,-9.453191,2.5285866
1060426613309063168,-27.786383,12.362156
1354721342791421952,-3.5121875,10.792248
1459538385902465024,-7.5740285,10.873926
1280187491968921600,-18.88414,4.4787564
1425702514116812800,-3.3205924,10.830431
1176478925539741696,7.9804854,-1.6150074
1600645425122758656,-6.9763255,5.5066066
1127824328799657984,6.2442536,4.240249
1094,-18.852098,5.923328
1442342776797089792,7.961815,-1.5870825
1529835631617216512,-7.6893506,15.879007
1251148870340984832,39.87974,-18.245346
1600646432061911040,1.1280617,14.828898
1579463834259415042,-7.007218,0.72786766
1231406968278765568,-2.1373937,9.114972
4718,-4.1178126,4.7064166
6281,-2.6172643,2.8770676
1544514063513153536,-20.972528,10.3938265
1637308200762945540,-4.937113,23.940413
1345849477612699648,-23.703526,-0.11014894
1302983976839368704,-2.290653,4.1454644
1599646806571761664,-5.4762073,18.155687
1185455211131392000,-18.571938,24.121641
1060419735309008896,0.5463801,-0.4703985
1259383435375480832,-20.215963,15.213718
1003275274992115712,-4.3378067,5.889088
1241569070558879744,-11.174999,17.244587
1127779736687583232,-9.266364,-0.14592765
1027916544683458560,-2.2098565,6.8547215
1639459528829464576,-14.448026,8.294324
1176786408103710720,-13.991034,13.047597
1414982353312366592,-26.428114,10.778887
1425815485102972928,34.36387,-7.6015787
1072035731106754560,-5.5965886,8.695932
1060427198389329920,-14.96938,7.020346
926303054410682368,-10.252963,8.292418
1060182197923258368,-10.089382,11.211647
1336316219001225216,30.51033,-13.209891
7264,5.9342914,10.536683
1072320267644366848,-2.2162745,1.4211866
1506434370813243392,-10.187492,-4.657992
1036,-4.0861325,12.862261
1060424352314990592,-11.340816,21.682856
1210524917077327872,-17.385073,-7.046245
1529829860489793536,-7.6893086,-0.6574551
1272732477057843200,31.717224,-18.823545
1012714138047959040,28.36203,-9.316996
965227600137412608,29.69608,-21.394375
981433020239314944,-15.546958,20.974806
1045,-14.600446,14.390203
1447109016982474752,-13.599003,-2.9274352
1176475670386544640,-1.3774965,5.067805
2883,-17.890282,16.336393
1332451634549927936,39.66471,-20.356562
4804,1.0745257,9.052028
1510913643071344640,-18.310247,12.804452
1637308200758751234,-14.744322,5.081341
1081476796047368192,-12.065513,-2.8746665
3755,27.226023,-13.01389
1590592909261533184,25.044436,-19.11556
1302983860527124480,-13.035993,10.108119
1016483656515485696,-14.690627,3.802493
1109496501997522944,-11.406215,13.288327
1592467346151825408,29.507086,-21.960274
1506437685166227456,29.523664,-13.264736
1176792114282336256,-21.67082,0.16729124
1049699677476921344,24.044857,-20.991863
1203221123569868800,-8.06139,23.80846
1302971231901405184,2.572297,-0.097523466
1039011170648838144,1.8446231,16.779343
957279440201584640,29.638332,-23.772486
1506258411612291072,-11.691424,7.695028
1227788474945523712,-4.0908446,2.7056818
1318439453468774400,27.102348,-12.416715
951035209414045696,-3.744645,7.7851334
1600647415185797120,30.415712,-14.523403
1468466814229827584,-9.008701,25.597752
1081439455903678464,-6.750178,-3.6807086
1579463834267803649,-16.221395,11.360589
1043,-12.976988,9.0238695
1354361068016418816,-8.345198,-10.137621
1024834977686405120,-18.167805,23.51063
1176481590743109632,-14.172911,26.19602
1568460912023760896,-21.100124,1.5664312
1196464025296605184,22.14167,-17.60877
6332,-8.848343,6.8272715
1386509798749503488,-6.407001,2.4164743
1281,20.451233,-12.823949
1101119956240117760,-10.854729,19.178253
1042,-11.124232,4.643751
1079,-15.142205,3.997954
1579463834263609346,8.94619,4.413581
1576793048264347648,33.66308,-18.947414
1192466434418323456,-21.76411,-3.2592657
1072039590394916864,-11.114338,4.1373277
992234580398338048,3.6150858,-5.916433
1173946440855334912,38.373493,-21.462545
1367118722380337152,35.304653,-19.722677
1024298719411224576,-6.52368,13.930977
1579389548584755200,-0.7840842,17.409887
1227777766975492096,25.700787,-17.527056
1248532261092634624,37.036392,-7.9804063
1101118632748462080,-6.0339766,10.627625
1088728488765751296,27.456081,-23.814959
1280188512204017664,-5.5500174,28.684746
1240293631207022592,-19.527557,20.763065
1637290482995249152,-16.92812,25.924713
1269998583829159936,7.0528336,11.905833
1040228482809917440,33.923096,-13.757018
1057950040587534336,-2.4026144,21.111666
1360528360634417152,-12.561397,-3.894982
1127828891854282752,-18.875137,5.9365106
1506441067528470528,25.037865,-18.496515
1009986806426193920,8.649555,8.884569
1506437960495808512,33.92489,-15.266237
1024229034766413824,-2.7930562,24.72965
1500517963295277056,-17.314577,14.233957
1120864436670844928,-15.742119,-2.825322
5190,-21.59208,13.912368
1035,-17.350832,-0.4743319
1056794986841141248,3.3920715,14.48636
1060482648350670848,-6.963222,14.000993
1205825874279325696,36.21365,-15.748298
1088,-25.05655,-3.19332
1586710098293059584,-25.260523,14.242063
1050966725939220480,-13.920872,3.6724696
1081482172490784768,-2.4607487,5.420698
957260037314572288,23.27797,-22.31716
1016361551937437696,-18.6618,3.4532866
1386515666686672896,-21.74054,21.963243
1530188808820609024,-5.482239,-1.3470215
1058542544445796352,30.157587,-13.323879
1223826355241766912,28.540411,-20.483644
1031744150238658560,-8.716581,-3.9571486
1004630727030366208,36.38779,-21.17629
1127826932912988160,-7.4988165,9.486378
1345750056787333120,36.118774,-18.485373
1475759472815226880,-9.611115,7.8930917
1059097027332567040,-10.102623,23.221369
1067078048126255104,6.9096293,21.963547
1223733998488014848,3.648752,5.760327
1171406273158328320,34.409264,-12.376546
1533770570666577920,9.002697,4.491008
963417579531554816,1.6709942,-0.4022851
2882,-19.94911,-3.665055
1584802592680976384,-7.858025,15.944824
1570003874398539776,3.266165,12.441188
1192459553436119040,33.38426,-12.070779
925687337457942528,36.647507,-15.865638
1447481636345118720,1.0528232,20.973967
1176483108384903168,-3.685653,-10.582219
1530029773064486912,35.198753,-15.113095
1127780435718676480,-7.463107,10.4407
1023936450743549952,-22.188902,6.6152964
484,-12.976224,13.844104
1303510196828065792,34.809208,-11.895431
4370,-14.99579,7.3427596
1060533799947378688,-4.045423,8.593436
1177060480947556352,-18.649729,0.03565756
1300412885906313216,3.3424606,21.089708
1271746727256440832,-9.618954,26.293425
1177079435942662144,-5.1890936,-3.5708766
1082222234631340032,27.083397,-17.369455
1176687366954782720,27.3706,-19.804493
1077761392706465792,29.8729,-10.266791
1036409539782799360,25.006258,-7.170349
1269992799158329344,31.631569,-11.747052
1506433453699313664,-0.24155179,-1.6749525
1090094829484982272,-7.101534,3.109592
1485816385882820608,36.56227,-21.185663
6390,-14.830384,6.176601
1040215639796543488,-3.55494,6.8297777
907766078543638528,26.071838,-9.867799
1178305079637987328,-10.991461,-6.887138
1372818773644341248,29.95665,-16.152348
1072155846171226112,34.163986,-12.552872
1386520780608602112,30.61724,-12.876
4376,-15.042747,27.130346
1505447320263077888,-19.50838,8.961617
1443023596314947584,-3.741293,-1.0522139
1090093219228762112,6.3348393,7.8942003
1506433089148567552,-13.171526,-10.614292
1023938765953220608,-3.7781062,0.41562292
1081935907390160896,22.648315,-14.538465
1577200527628443648,28.451738,-18.315664
1039336322476601344,-2.0071213,7.8347063
1004,-5.0171413,15.640017
1072021577172054016,26.650946,-18.806738
1579389548593143808,6.7387805,6.813976
1176475143422578688,-11.456654,-3.556696
1188895872752197632,-5.700273,-0.8135153
1178229177352736768,5.773395,5.2775555
1302789019088277504,-10.980355,-6.8716574
476,36.790985,-10.564388
1269994155952758784,-22.984781,17.078234
1271749074611257344,6.6986017,9.80154
1176818689262456832,-5.1244607,11.243039
1127824506663313408,-3.9257798,14.767372
1051037995976413184,0.8477189,0.714694
6350,-5.6342063,15.378148
1569213140636471296,-5.080257,-8.74377
957280583490203648,-1.7044415,2.7306628
1037939996938039296,-16.707386,7.7170715
1037895363293974528,-3.7196262,17.385265
1578319715294121984,-17.889038,16.389917
1120550983393472512,-2.3395185,-5.33125
1073,6.966802,0.4389538
1300370617384128512,-15.093187,-1.0562705
1280183954299998208,-11.171414,12.221266
1143166654134050816,-24.4603,17.850746
1052485483518283776,8.5039835,16.773277
6191,23.951462,-16.993368
1302984070259101696,-5.532171,8.025603
1271790653254328320,-26.844664,15.318106
1386580271625666560,-15.719088,20.983288
1255703856790122496,25.84279,-21.473888
1506439888545984512,26.598839,-21.51263
1617860053455941632,-26.77874,15.266019
1039012243463684096,-5.2382765,5.0540032
1025269180240539648,-23.204563,17.158508
5186,3.5957787,10.8904
1595750421539504128,29.19676,-18.294529
1240846863687884800,-0.7867652,17.767061
1510521094363512832,32.931953,-10.844276
992240589816754176,-7.3561907,10.95824
1494011399952465920,28.287884,-12.9404545
1579463834263609345,-18.001537,6.683925
1579463834259415043,-8.3414755,3.79048
1599294295344140288,-3.7486532,-3.378811
1371650995864211456,31.766493,-11.431856
1060172024517271552,2.9136329,17.714565
6389,-4.583648,14.198136
1325831460154982400,-24.38742,6.7202697
7010,-6.3651843,20.070583
1414977824479150080,-9.736966,26.719875
1371382954672787456,28.052486,-11.792807
921298138936754176,29.99952,-6.813436
1011,-0.5864002,10.721514
1322047266509512704,27.334488,-23.046358
1081463348311818240,-9.173211,7.117343
1371808607339466752,33.9794,-9.667467
1386518393457213440,-12.538039,6.2728567
1556208621649104896,31.871265,-19.788137
1041,-21.767435,12.109925
1068735690296967168,-16.076326,9.839962
1227797684072632320,-19.368284,-3.5193417
1210369932578471936,-8.713676,13.417334
488,-8.2132845,10.20273
1180385101811044352,4.3806686,21.614113
1009986604520787968,-5.5093565,12.773916
1497522884217585664,29.422138,-19.801052
1510908937317482496,-21.601345,11.527154
6706,34.271572,-13.720476
1255705754171625472,-25.559809,13.970732
1428218292221505536,36.45936,-23.010849
1029673164270641152,-13.305135,21.405949
1573653660678942720,-4.519012,9.113724
1437374059124281344,27.809883,-10.534302
1367459580501823488,28.506895,-14.947245
1051213189974106112,3.5660713,15.097312
1013689150397251584,-20.30259,12.875193
1207315849370083328,27.265844,-17.224861
1208402865142833152,-9.885944,11.301807
1188863209202958336,31.858078,-19.48907
1009996581352329216,-0.4849283,2.8828146
1101118103171444736,7.8081613,19.056654
1437400427178405888,-14.029214,14.201959
4717,-11.434449,23.551487
6309,21.257479,-14.566631
1428212585166454784,22.694382,-11.904621
1363689168809852928,-9.754227,12.043653
6208,-6.575982,25.78539
1326903961519280128,-7.6416187,6.3482733
1236520100442701824,-5.9551554,1.7303565
992233272236851200,27.210497,-21.669054
1039,-6.238769,-10.385121
1030720951305289728,28.28542,-8.62469
1586191062757044224,-21.998232,-5.383785
1051212890920243200,-5.620782,23.189735
1040226833420832768,33.91806,-20.01594
6186,-4.669246,-5.9732604
1386502245102616576,-0.01600789,17.448423
4,3.105231,14.772341
1315842003759325184,-12.029375,5.0213666
981432023857233920,-12.047786,-0.15181044
1127823197562314752,-13.821519,-8.456374
1060525976425373696,0.29106635,18.16696
1082221013971443712,5.562147,19.730198
1590586618703110144,-9.636933,5.4356666
6279,-2.2493103,-3.5065327
1637308200762945536,-11.890072,9.28994
6316,-5.347607,12.193227
6393,-6.5234046,16.642338
1037894283092918272,-20.025549,-1.9658229
1506847212546048000,27.508747,-15.163241
1060536695573225472,-9.56152,12.886025
1372641028104679424,-14.51986,18.074312
1470681233256202240,-9.319502,10.770071
1510914756020895744,-4.8759146,2.085775
1371381920008822784,-7.103417,20.467916
1228970091273670656,-14.520849,10.593822
1279541431000928256,31.261766,-22.52737
1152405993958797312,-18.11254,7.4711485
1430102973938827264,-10.655063,18.594685
1386586716291203072,34.18668,-20.779535
1259387789327273984,0.8587352,16.007257
951331282955235328,-11.196287,13.184015
986,-12.5587435,16.642105
981433343636934656,-11.745787,25.794033
1506435506945339392,33.00932,-10.735902
1437763036889235456,-14.969807,-4.9996114
6227,7.3084283,16.148499
1003281243717410816,-11.985975,7.9240522
1060189898875092992,2.7207696,-1.5247252
1303509997762203648,35.615185,-19.48597
1190337478768369664,-13.876343,-2.501846
1568896803145977856,30.289396,-18.868328
5849,4.741492,11.583901
1617862358154694656,-16.590427,17.397238
1013694553487396864,-10.611975,-0.79917425
981431488164925440,-11.522168,5.7668123
1227792457323925504,3.6613638,-0.4245537
1355541496630996992,7.254438,2.4568083
1397043574451818496,-15.7718935,12.158526
1665205580887474176,-16.175404,1.8084017
1502570501434830848,-4.598995,15.700045
1578304960361795584,-0.91155213,3.1188889
1346061537546076160,29.921278,-10.268343
1529827614385475584,-12.068323,25.244776
1430106004210221056,-8.5256815,17.294914
6130,29.075953,-20.510479
1599307979567132672,27.696962,-16.275892
4373,-8.176568,-6.355845
1039335316334366720,35.83274,-14.96613
1085721128954691584,-3.321046,18.841864
1309316191799074816,32.572254,-7.7530427
1203125820631453696,-14.177671,18.79996
968010279455068160,0.2146394,4.4398327
1144034245639626752,0.4936316,-6.193175
1506256795801501696,-10.795717,10.107395
1127823373060382720,-9.21855,6.27531
6152,-2.152411,22.381018
1500518916099317760,-1.7261972,-2.9064155
907436039922921472,35.828514,-13.833011
1300372644021489664,-5.080189,10.04637
1214593906380324864,31.879677,-19.478233
1510908073538322432,-16.280027,8.987101
951272518646460416,-8.026083,-2.1725395
7345,-1.4678499,-7.447778
1030716865243680768,-11.884974,3.5219574
1003284120984780800,-0.052906115,6.976194
1081209933484720128,-2.677258,14.132513
1008,-23.308498,-4.3860292
1039037145616994304,23.579,-13.062041
1437375340844855296,23.021278,-15.911674
1488543214382628864,-27.409897,2.8753316
1188169243201392640,-8.6516485,8.6915865
1026627357383311360,-12.037513,15.798994
1083,-9.595021,-8.079574
1271746222149001216,-11.954082,7.751897
1450526849507409920,32.976357,-9.908454
1068708912841023488,2.622027,10.2217
1529827812423733248,24.986164,-21.281534
1248418116993433600,-2.695538,9.647525
1030719703457906688,-12.544823,18.610931
1053675230009794560,3.2144012,1.6766077
1141525945316499456,26.816948,-14.085602
1302984155852263424,-1.0577265,7.876036
1040225713168371712,38.00878,-17.403662
1024467146289491968,-19.557377,9.889998
1021529097851080704,34.72027,-10.515407
1060180323849486336,3.1704032,12.11414
1190325339085258752,10.271022,1.4578832
1300374072534323200,6.2062373,4.3532043
1003266449077592064,-9.025166,4.178809
1302172179714625536,-3.7944052,12.840624
1521106230418952192,-8.928211,9.965837
1578965320664313856,30.596212,-11.70382
1295,-11.366984,14.486003
1060423365466562560,-13.754642,11.599309
1058953137447272448,-8.646503,8.688458
1176727516661387264,22.821234,-14.579884
1529828929283002368,-0.24901184,2.741365
1041646308638912512,-6.23088,14.867635
1124815658335649792,-24.78993,4.122498
1003279661747576832,-22.35114,4.675757
1637308200762945539,-10.465174,-2.6377902
1077766569140301824,25.844639,-10.130165
1090062244360830976,-12.336231,15.506307
1293,11.862389,13.187633
1529840769216008192,38.379192,-19.838383
1127935753564037120,-11.138451,9.44878
1529830284684922880,28.154436,-10.765983
909669727074353152,32.052753,-9.050971
1373278706546462720,-4.834687,3.4259877
474,37.533363,-17.286844
1529838614929178624,-23.900015,-0.20444499
1004629790266122240,1.9112251,18.433004
1600643827898249216,33.23914,-23.257212
1042677978108416000,4.975635,19.422762
4831,1.0594629,22.421162
1510907224439005184,-4.698451,10.311106
1510911485130448896,0.23861226,7.3145857
1003262374504202240,-23.511671,7.8651934
1214609594411065344,-5.505588,12.283919
1035205451553169408,4.595934,8.963865
1309310530361090048,25.18517,-13.5459585
1176689938671308800,34.55249,-13.939376
1180396024701407232,1.9072137,-2.8653655
1363686325675720704,-7.2888384,-7.2817483
6251,-1.1929171,6.1407037
1314877674226507776,26.63586,-15.71094
1411616110292070400,-11.248831,16.456543
1472860010254024704,-16.49285,11.640303
1430101709150601216,-5.0501213,7.13598
6291,29.044857,-15.136804
1510909242058612736,-9.05073,2.6467364
1056795613314969600,-6.4051065,19.116598
6228,29.069704,-14.354374
1177130798697385984,20.46989,-11.877496
1309695026923167744,28.484236,-20.80798
1030718512762109952,-19.622562,11.76035
595,-0.49246806,2.7358594
1176477200477032448,-3.9302619,0.43145266
1271749476295565312,-15.524395,13.144507
1627950837576314880,-12.84094,13.667398
1259389501551235072,-24.593,11.579673
1496768444169850880,21.047104,-21.414423
1055702735499063296,22.750748,-11.780396
921293728483491840,17.1434,-13.740258
4766,-11.514244,17.943743
1310820842595803136,35.14293,-24.919888
1507993371308929024,-17.637032,2.5568047
1021524961793380352,33.650166,-22.384478
1039801406877388800,32.216557,-16.020618
1052195167150055424,-21.726414,0.36123216
1386584560309895168,34.87278,-23.201828
1081439274323869696,-2.6904461,8.0500555
1141516102480388096,25.258312,-19.976881
907664156151132160,27.578005,-19.966736
1367041406602055680,34.08417,-17.583193
7339,-13.5310755,17.137783
1223827340991287296,-10.810387,-10.082484
1309381550098997248,32.63551,-17.827225
1253232710229086208,-6.5892215,4.0137672
1533728457283321856,1.644521,11.6619835
926302270465904640,-0.17742361,-1.7485174
1176364792077062144,1.7513005,10.128558
1177965631725391872,0.32473448,9.650705
1477263721638801408,-2.8507676,9.340624
1637307786839666688,-14.995831,6.0020256
4792,1.9628364,7.2937183
1030721130607583232,38.031937,-14.42598
1600645089234518016,3.877937,12.879577
1696164001639981056,-4.3958426,-4.821985
3418,-15.599044,16.73522
1188850615582900224,32.72257,-6.885379
1259379505102917632,-19.986265,17.265274
1158589168670203904,2.035597,18.417677
1495006892165246976,8.561667,9.008521
1529826189664292864,-7.655883,4.8420873
1591240426177294336,-5.778242,2.897406
1009997123101208576,1.7949388,7.41941
1241632255861202944,-21.434658,19.912853
1578990896078876672,31.486887,-17.364855
1568829708882350080,-15.4800415,21.03071
1255706349926363136,32.56146,-17.522068
1476029104213000192,-11.704952,20.109837
1529840151302737920,-18.944868,10.89789
1531446505817739264,33.387802,-19.33311
5978,28.818125,-7.473371
1593470986714992640,5.8319025,19.918606
951274188960919552,-10.4917555,4.7541633
1047,5.026205,1.3113765
1124818890072047616,-13.698203,15.368685
1557580713581916160,34.2357,-17.765408
1188134900072468480,-18.05435,3.9998884
1009996095974879232,-16.742552,3.5715919
991673278647009280,-2.4642637,-1.4193988
1577507520616468480,-12.760247,-0.8488523
1313373937418756096,35.65249,-11.75689
1340863203300896768,-22.012058,6.7109017
1187001404805369856,28.35799,-17.869991
1002,-8.882108,11.593338
1127778848120086528,0.80601454,0.32991397
1372410961520914432,-7.8242345,11.237653
1506257386078486528,-11.400669,1.1072743
1187246279282937856,-1.2109702,16.624722
1016493369395281920,-15.409361,2.7383304
1474588227587944448,-17.964611,20.921432
1386593954994028544,2.527113,6.4973173
1192460769725558784,31.461664,-12.365097
1030807238171332608,-2.6485298,5.982369
1081441139467943936,-12.713528,21.091984
1037903146340945920,-16.40412,17.558212
1447461535369793536,34.24245,-16.073664
1529830104069816320,7.0469327,5.3038697
1271745432827125760,-21.126305,10.840617
1319223837012643840,-4.3934903,2.0039883
1180460086453882880,-16.679407,20.637978
1510914491251261440,-1.2762742,-0.13371252
1039797148073390080,32.32107,-23.757566
1039328254141452288,-14.569118,18.18808
1319186133654900736,2.8728564,14.433602
1067075793872412672,-6.398472,21.136492
1127778661058322432,-4.751034,-5.300886
1060481533957677056,-18.076054,7.852924
1195250002848813056,-9.187137,-1.5786476
1075,-0.9283491,5.3976955
1329003406869262336,-21.238298,3.6945996
1459535693924335616,-8.4095955,17.068237
1060478955828035584,-20.153526,0.7652637
1476447392181059584,-3.7279518,11.843455
1060185073584193536,2.698562,26.796324
1182970437321904128,-8.622777,12.173529
1502563883759214592,33.04352,-16.931204
1371378497070882816,-15.6610565,16.64846
1003280176610967552,-12.512284,4.6896615
1176363393872269312,-11.012532,1.9277139
1057,33.57783,-15.200387
1227594061963218944,36.20096,-21.663628
1025280340750811136,35.95698,-12.427571
1506257070079623168,8.920583,5.441539
1342311844484489216,24.323627,-14.580135
1593497070357569536,-7.5019245,9.497641
1240468632891695104,-7.1905227,3.6108267
1178230808408510464,31.735224,-9.92175
1176814972358332416,7.091506,2.5915408
1259382906385682432,2.615612,23.984205
1127776952995127296,-16.713549,11.704832
6396,-3.7053442,-2.5918233
1060535827465519104,39.335686,-12.301467
1533764383313203200,8.418584,11.222697
1177161857522700288,28.83285,-19.656153
1025272668521545728,-15.020686,23.458164
1003786050534277120,-4.5085573,-1.3675454
1023938375878754304,9.905022,18.372366
4780,6.065518,16.341068
1506112691679932416,-2.3519926,12.614194
1233926993163235328,-18.24313,-5.133848
1104,-13.179282,7.0857763
1127926629736488960,22.386906,-13.5317
1529837512921956352,37.234993,-18.268276
1180414102193590272,-0.94678664,-7.951607
3832,-9.474867,-4.878427
1214607496327929856,-0.6727057,18.634724
1503307934297763840,-14.125269,17.369768
1326366016722849792,28.82813,-24.800104
1567338833568268288,29.413208,-17.380234
1529836927564894208,-6.7197227,9.477211
1176695534585876480,25.378736,-17.364874
951330416265220096,24.616142,-10.870462
1081424374058909696,-0.22785966,24.502766
1271744958602330112,-2.4173124,11.446728
925927944352829440,-9.939689,16.565645
1591110214605197312,4.5063243,-5.4199553
1060500295112998912,-4.808791,7.9839673
1023936784702418944,-17.614388,4.615868
951269492980404224,-4.8020196,14.223861
3789,-15.64512,3.6767
1030717756160000000,-24.318285,2.614979
1067076127663513600,2.7715428,21.937176
1049648263945957376,29.321177,-12.145558
1030718744723886080,-1.5144042,18.581858
6210,-27.274626,2.740888
1477262017438560256,-5.963377,6.5770373
1593519164298481664,-15.443321,11.727962
1574962593012051968,-14.317727,6.4877915
1227154851653373952,-11.805199,11.135327
985,-3.1717265,3.3861969
1301810077854420992,-9.243194,18.50026
1579463834259415040,31.652937,-17.596727
1012328478212128768,-8.984278,-1.6757774
1037901515016728576,26.408634,-23.617409
1330693445215105024,-1.8882238,1.1982495
1434424618456600576,-3.4255786,2.390153
1090061126452985856,-15.931329,5.0726504
1414970854674169856,-23.458876,13.800311
1530023841983086592,28.795383,-25.831133
1060422018885263360,-2.4867125,0.2961589
1253233054573064192,-13.64845,10.273125
6397,-8.824216,13.409966
1506431043557146624,-8.01712,2.6985638
1505446068800204800,31.023186,-25.388367
483,-9.621574,20.903101
946988294707830784,28.493423,-21.81748
1259377984688713728,-14.622576,9.6753645
1577509234484580352,-10.888693,4.3167405
1176480261710778368,-21.431221,19.90066
1447753008090947584,-16.82271,2.3251476
1024469880715653120,30.141296,-12.039396
1058557277798428672,-12.63107,20.292084
1371381102845628416,-5.180137,7.171889
1060191363010150400,-22.300713,18.790108
6395,-9.964403,-2.9526334
1034,-19.43777,7.2515683
1016359582644916224,4.471404,18.987152
1081457918311333888,-2.4824371,21.042725
1529828620137631744,29.224138,-16.043756
1271748332924100608,-12.961057,-6.8907013
1023938143967293440,-9.793789,20.700592
981432766018355200,-9.307874,10.086973
1325150789203877888,-4.628025,14.246457
1016497173360889856,-22.685598,9.042354
1196767109516267520,2.004779,-3.0169113
1210105985333936128,9.767487,9.878449
1617857060782305280,-8.925326,-3.8683841
1459550545581506560,-10.97091,-0.97287875
1637308200762945537,-25.075832,4.188334
6090,37.53349,-10.97642
1024526626993778688,-7.4406395,19.128227
1338648032923172864,30.687778,-11.053346
1432161348659019776,-14.286397,12.446191
1180379168561188864,-9.299801,15.335333
1060538853160927232,33.484665,-17.801695
1060482031263719424,-17.170795,5.2752857
1328914971043164160,-4.0038056,3.8076112
1599666986530099200,2.6816027,5.248351
6226,8.781655,8.508445
5912,-1.1977713,10.677952
1176766745646960640,-18.948938,1.6169454
1176692010238054400,38.907158,-18.519037
1178285170413555712,2.787629,3.801206
596,3.6227005,18.152266
6334,-2.6802437,3.916942
1527926297916260352,38.874386,-14.584512
1528650279044952064,2.0975654,13.552614
1259375414536654848,1.9911206,2.4848876
1350068782522818560,2.3718498,10.705223
1177151897887805440,27.705105,-11.51749
1529840392525561856,5.130788,2.8732007
1207278238144348160,29.760061,-24.122347
937953618389823488,36.02696,-16.835674
1309378131615408128,24.710594,-16.424768
1057802664577105920,28.350489,-19.316011
1477256541572734976,4.8367195,0.9292645
951037179461857280,-0.076058075,22.56301
1486243487203844096,27.748955,-9.238192
1127824820225286144,-6.509417,-2.0977585
1466039648946753536,26.163754,-16.539095
1427191012527353856,24.830673,-7.5533395
1024470532225286144,26.094887,-10.044172
1188856847286853632,30.191212,-7.5152683
1060498457605218304,-8.859569,-8.9569025
957280802697105408,-20.219845,15.39818
1371273403193155584,29.392817,-16.834822
921304674622881792,34.913177,-10.175317
1176789322595536896,0.9026268,19.597498
1378921633185300480,24.022724,-12.018783
1141529866927824896,33.282272,-11.23381
1090276802023264256,29.433474,-16.962189
1188375641243799552,-5.580009,7.27358
1600644706785312768,-9.177931,22.768063
1059107170992553984,-13.162242,21.37334
1450509367459594240,25.181171,-16.717295
1450510049826717696,39.438835,-10.854871
981432626645823488,-10.972457,0.79424125
1201765303690096640,-8.562092,11.998428
3416,-5.980074,4.921846
1529838386960371712,-13.29343,23.054955
1442738243986010112,32.43785,-15.483724
1386588093906157568,37.817398,-17.607115
1176366896652980224,1.4919568,1.7816361
4769,-9.2010565,14.563933
1502569618609336320,-16.452017,10.671413
1009997537980796928,-22.03479,6.6687694
1303510293221560320,33.70875,-18.635067
1214630698508828672,-6.7985973,0.5064172
1645702524940447744,-11.189708,9.818461
1564497036849332224,34.107773,-6.955531
1579463834263609347,31.326471,-13.630057
1341261741015449600,32.51219,-21.948652
1081824335296667648,-4.0493817,12.771034
1001,-0.3754327,9.328617
1592506772986908672,21.692862,-16.292799
1506430391391825920,-16.277079,11.401443
1223827753123598336,-4.9503613,4.8958716
1176715751705776128,25.039083,-18.417164
1271791248262479872,-0.18552525,19.387379
992238729751982080,2.7938914,20.270706
1300366157698125824,-7.4407516,18.57408
1354720468908638208,-4.817062,23.586304
1100046801442516992,-5.44871,-1.1385615
1500517571001192448,-17.553368,1.1610084
1377415259015987200,-7.8589053,4.589932
1342633188434657280,-17.30299,8.778756
1324189888032235520,-12.065228,1.1928195
1076,-1.2226955,12.608368
3066,-17.377563,10.21439
1024947203206328320,-8.0111685,0.602497
1533771073626554368,1.0439935,3.0044806
1214631124281008128,-25.15218,8.839819
975569541425930240,-9.049999,6.796976
1497496341442109440,37.32175,-16.395792
1372817468527931392,30.004663,-20.901161
1060533337424699392,-9.959983,20.989813
1255705526790017024,34.96334,-18.791851
1081435418214989824,28.26048,-17.016129
3585,-13.543193,5.3326926
1533724889717374976,-3.777042,4.127985
1049643964134240256,33.04709,-11.30034
1036439846753964032,30.29182,-22.243732
1059092441800671232,7.4805484,2.3462567
985077193270304768,-3.2712727,14.1800375
1397094685942099968,-8.03409,17.247782
1060532202563477504,-17.167397,0.4151415
1350355620422746112,31.027372,-16.591429
1374521775962042368,31.481152,-20.644566
1411616706948591616,-19.874691,2.782716
6697,-13.089307,4.2951937
1227780501921746944,5.4653625,8.659319
3417,-15.095775,1.8392316
904937568070164480,-9.752055,10.091533
3453,26.773603,-20.61354
1210372778350813184,-14.207926,26.26799
1060419204981235712,-18.603548,11.983472
1351390610542014464,-23.765638,11.230383
1042799177127849984,34.32532,-8.913618
1037912179227594752,35.770382,-12.342904
1397046181387898880,-7.6500635,1.8479835
1579463834267803650,-11.757293,6.584489
1309086245335982080,37.430058,-12.818193
1617849303056343040,7.7087913,15.3817835
1030717983461916672,-1.9174974,27.382114
1427306357544103936,-12.858955,-1.0466384
481,-9.693268,17.6126
1081197499046887424,-19.708225,-0.47877315
1582054795044978688,26.482334,-20.295115
1193800562304782336,-26.40939,7.0796127
1468368584934576128,31.542837,-18.28108
1127780901521301504,-0.8072257,17.257517
1801,0.8956092,24.642859
1386591527561560064,32.062946,-19.0146
1529838071242522624,-8.025215,14.419021
1207190257987436544,-3.4480984,16.081959
1039809963760865280,33.784393,-21.958643
1240831868031868928,-12.392915,12.084127
1579463834251026432,-5.147088,-2.4215114
1178474934781628416,5.451206,2.8033152
1300372986662572032,40.32441,-14.17836
1373278705871179776,-5.4247837,17.135632
1024468939606114304,28.469183,-12.020292
1108586818368397312,36.16293,-8.394306
1039035521628585984,22.932943,-17.020962
1127824178815541248,-15.997083,-6.048632
1127828425649004544,-0.17132781,3.0677888
1574317177220300800,-15.603371,2.511113
1386499247742910464,0.9707283,5.5603676
1637308200767139840,-19.300669,2.3330808
912908323877367808,-13.602195,3.0388424
1253233998060777472,-12.031093,11.4741
1599648844957368320,-11.018533,6.099946
1600646890759405568,32.30933,-13.985771
1386587306393042944,-22.427532,4.629118
938004694975602688,25.9817,-15.299127
1506438950431174656,28.253838,-11.44423
1577507207129993216,-10.186967,3.5430112
7194,20.74051,-14.643463
1013693794247061504,-8.548833,5.1601644
1046,-12.972748,24.648382
1386500695427907584,24.480906,-9.219581
1023937509465571328,-15.526175,6.4701757
1071,-2.4899614,-5.651229
1251791254896422912,5.745986,14.547396
1039026247758237696,2.235367,1.1459835
1569181513919172608,-11.974282,28.097816
1003275744745775104,-7.6069264,23.813696
1280185097386233856,-18.615303,14.641053
1503307092835577856,-17.948101,18.36823
1371377566258827264,-11.696392,1.2626847
1036440602265563136,31.474283,-12.64959
1176515207892537344,-0.6816156,21.680273
1585900023584415744,-22.456097,15.502141
1180317270440431616,11.171679,6.453535
1328999689193385984,9.805596,14.854963
1037902127309615104,-8.433261,27.308783
1363689598658904064,-2.744217,24.561098
1081434820874797056,31.816214,-11.337067
1448216340602466304,27.27911,-15.631981
1386576811203231744,-17.424545,13.439336
1067077824599220224,5.9103866,5.6127777
1188859040710696960,25.047203,-11.367169
951330704673955840,23.98435,-14.34807
3839,-5.6793203,8.553519
1003276609049239552,0.0040496276,7.005843
4371,-18.380342,17.725967
1530068771518513152,27.922174,-17.738552
1060421141625610240,-5.138052,23.469574
1180398273364250624,-7.942804,12.874179
1437378168090963968,29.940214,-14.815322
1450015418995105792,-13.830716,24.976606
1280185993407008768,-3.8943846,9.918155
1207158334556684288,0.7462313,10.810413
1529839075870625792,-2.7847624,21.85119
1485812205470355456,24.763823,-12.543861
991668714472501248,11.337101,8.4836
1072318845775310848,-27.141424,9.044349
1051213823343382528,-18.0471,4.040427
1637335707209908224,35.59316,-13.77001
1567739660208377856,2.317193,-7.029597
1143104508079595520,-27.66124,4.9758883
1242802223134941184,-16.350698,12.805805
1280187744793169920,-14.819874,7.173633
1506430088403763200,-20.57263,8.342956
1506434016772112384,-12.872989,0.59624004
1059127059945910272,-2.2026126,9.632895
1180382921616019456,30.982058,-16.00283
1302787904179359744,0.021360561,8.540618
1003260923132411904,0.68524843,10.018912
1506257769488203776,-9.397814,1.8973987
1007,-15.787322,23.343016
1453192006507630592,30.91169,-23.361534
1196773103776468992,5.8866167,12.911099
921300679011450880,37.532402,-12.911273
1037942934280433664,-16.598198,-8.87825
981434148733587456,-4.8882866,2.1782167
1309318118645555200,-16.461687,-2.2522957
1599353369997856768,-2.241197,-6.709545
1059116667337207808,-13.684727,11.519485
1568902957888696320,3.1318913,1.7009017
1500521764944482304,-9.737751,17.384563
1127779937863180288,-7.8121133,1.2114277
1506437455753265152,25.204426,-13.584769
949539652740804608,-12.877742,5.9363337
1009,-2.2831495,17.594023
1294,-16.20458,7.356051
3421,23.301062,-10.645846
970313290353455104,30.839363,-20.346292
1127825168818085888,-26.340033,7.1223755
981431827647688704,-0.75481194,1.200767
1529835859292422144,30.068275,-6.9474926
1665201601189240832,-3.4866397,18.961159
937004569725095936,-1.5742297,23.29963
1127929578986512384,-14.042951,-3.8857489
1030717563775651840,-20.247906,15.250092
1528942989614235648,23.524174,-19.688566
1447756415476408320,-24.195436,15.987111
1227790339099742208,-15.682712,15.000912
1427102901604626432,29.399366,-18.539915
1054636868837142528,-2.3566382,12.542397
5957,32.485203,-9.266175
1060531737104785408,-12.377535,11.678256
1177056274182279168,-1.5851576,19.28103
1030718866018963456,-9.822551,11.871761
1530000145390227456,37.50654,-9.7324095
921515657865838592,-3.379426,12.867026
1289544870431735808,-3.5862203,-1.8805835
1030720226097537024,-13.780067,1.196333
1443757848107225088,34.76956,-11.429702
1342627811466944512,40.31019,-12.386326
1510908647012925440,-17.958584,18.399784
1590587728167821312,25.115688,-22.617397
1477803321780219904,10.975165,-8.616276
1171432158624231424,44.451126,-16.403875
1171431954961412096,44.45255,-16.403984
1171431903002374144,44.451714,-16.403296
315,16.315414,-0.102762826
89,16.31534,-0.10215198
935071861959671808,28.65711,-30.180504
935072342421389312,28.655453,-30.18015
935071925281079296,28.655783,-30.182564
938972337018961920,28.657907,-30.179811
938972840817790976,28.656214,-30.183329
938972434490417152,28.657722,-30.178871
175,27.043335,0.10010592
1199542781913501696,27.044098,0.112770654
316,-2.1451204,31.849733
319,-2.1430006,31.85058
992016022380769280,-5.731429,-16.364931
1477804106940792832,10.394689,-8.2716055
1199543011039940608,27.043463,0.095295615
320,-2.1447835,31.851768
1199542721402277888,27.042864,0.102055684
992016252002140160,-5.7292023,-16.364622
174,26.475513,1.6545141
1477803514147778560,10.397133,-8.27229
1477803740941557760,11.655522,-9.013826
992015922862505984,-5.7304173,-16.368446
924248982081773568,26.93087,7.065133
81,-5.7280707,-16.36266
924249108116414464,26.944204,7.0500274
1477803440176406528,11.652791,-9.012133
177,27.305248,2.5003335
53,19.777363,-6.079419
58,19.780851,-6.078906
45,-4.402544,-21.522345
924248852306845696,32.10216,2.32483
37,-4.412036,-21.51369
